11.771167628229131
11.771167636971642
11.771167661266038
11.771167663491704
11.771167663409324
11.771167662975124
11.771167663639963
11.771167665013548
11.77116766713142
11.77116766668457
11.771167667454327
11.771167665675721
11.77116766655462
11.771167665927232
11.771167662813893
11.771167661576365
11.771167667029767
11.771167665857497
11.77116766149514
11.771167662184956
11.771167670101478
11.771167667520077
11.771167662338545
11.771167665053264
11.77116766375321
11.771167667346234
11.77116766147588
11.77116766681314
11.771167661785222
11.771167666751671
11.771167668263766
11.771167662894907
11.771167666509019
11.77116766783758
11.771167663554742
11.77116766594601
11.77116766409798
11.771167664952625
11.771167668568776
11.771167664709207
11.771167665748589
11.77116766453693
11.771167669635577
11.771167666590195
11.77116766708189
11.771167662733744
11.771167664908932
12.017209319304097
12.017208201621052
12.017209673106072
12.017210975666316
12.017208511547684
12.017210558819666
12.01721041797673
12.017209384913176
12.017209324307075
12.017208963026974
12.017199140847655
12.017200135637069
12.017199298095695
12.017200000885037
12.017199823786125
12.017199979661868
12.017199852829247
12.01720002106849
12.01720003326066
12.017199857711994
12.017199902126665
12.017199743085172
12.01719889729192
12.01720000076681
12.017199968801341
12.017177263250746
12.017200013371331
12.017199637186911
12.017199955977876
12.017199791691526
12.01719999380077
12.01719998430164
12.017199980346726
12.017199956272725
12.017199709756722
12.017199997856796
12.0171999682536
12.017199955394602
12.017199910999297
12.01719998255515
12.017200138878142
12.01719996638331
12.017199983697253
12.01719992696069
12.017199908461533
12.017199974204862
12.017200004103074
12.017200001277814
12.017199471842384
12.01719929117079
12.017199320188128
12.017199308530433
12.017199580825
12.017199278700875
12.017199297899829
12.01719903649782
12.017198364849467
12.01719930902729
12.017199309013964
12.017199295335498
12.017199308514456
12.017199297285977
12.017199314351151
12.017199303108693
12.017199120874306
12.017199309166543
12.017199259497207
12.017198785057307
12.017199233644538
12.017199127022362
12.017199400781971
12.017199305968694
12.017199318696495
12.017199210933642
12.017199265612689
12.017199304089818
12.017199665177461
12.017199271182028
12.017199319139216
12.017199301997236
12.017199253559786
12.017199219525413
12.017198782465194
12.017199522843077
12.017199426705794
12.017199294649888
12.01719930626136
12.017199332013451
12.017199311335968
12.017199280222961
12.017199427775013
12.017199308789372
12.017199304638535
12.017199330015591
12.017199257185446
12.017199431805984
12.017199371482599
12.017199270104136
12.017199313956436
12.017199307922601
12.017199307284075
12.017199294904117
12.017199342224021
12.017199309017071
12.017199287912895
12.017200660884601
12.017210450892538
12.017199209766382
12.017199417231321
12.017199075680347
12.017199283572452
12.017199322093761
12.017199276595226
12.017199332058093
12.017199290360253
12.017199302151802
12.017199309628307
12.017199308284964
12.017199241604485
12.017199315228526
12.01719983819131
12.017199306734957
12.017198584210648
12.017199307572978
12.017199433922976
12.017199395606156
12.01719896171182
12.017199186642388
12.017199446412189
12.017199307970337
12.017199300596866
12.01719929976586
12.017199502358704
12.017199470447629
12.017199045134324
12.017199314857821
12.017199309581587
12.017199163873979
12.0171993043995
12.0171993550911
12.017199263388227
12.017199298400016
12.017199272477509
12.017200734494274
12.01719927754219
12.017199271213078
12.017199408718286
12.01719920156521
12.01719937880389
12.017199298170322
12.017199665897335
12.017199281053406
12.017199234986679
12.017199314418061
12.017199678110702
12.017199299413841
12.017199177650637
12.017199096496713
12.017199359216466
12.017199050969824
12.017205769812994
12.017199143093503
12.017199132047617
12.017199182647119
12.017199142534716
12.017199129529565
12.017199322751932
12.017199177643612
12.017199133796664
12.017199151613038
12.017199141858514
12.017199143438331
12.017199198629042
12.017199137663175
12.017199492940735
12.017199141530492
12.017199140694043
12.017199147056328
12.017199170423059
12.017198772320445
12.01719908544631
12.01719914177581
12.017199138019471
12.017199577732121
12.017199167835791
12.017199207761294
12.017199140268291
12.01719931885594
12.01720186792746
12.017199097453556
12.017199138458457
12.017198579030785
12.017211788288073
12.017199183026744
12.017199177700254
12.017199356385245
12.017199133532039
12.017199141450945
12.017199135418132
12.01719915799945
12.017199139217691
12.017199126681277
12.017199124310299
12.01719968695298
12.017198919273858
12.017199308498052
12.01719927398739
12.017195989662083
12.017199634734657
12.017199290786039
12.017199308232906
12.017199163522903
12.017199300375678
12.01719924749307
12.017199303927075
12.01719950039047
12.017199324568395
12.017199709271678
12.017199252728009
12.017199306826749
12.017199316195272
12.017199308901723
12.017199351293053
12.017199301122401
12.017199268805575
12.017199284983748
12.017199363738293
12.017199282225516
12.017199304724366
12.017199302984931
12.017199251712771
12.017199295701268
12.017199432280457
12.017203250270459
12.01719932454757
12.017199258894605
12.017199307170944
12.01719808367909
12.017199282110463
12.017199137590426
12.017201366216582
12.017199385772306
12.017199285282919
12.017199362368913
12.017199718495702
12.017199649742208
12.017199718375819
12.017199714500704
12.01719971300216
12.017199718821459
12.017199650182064
12.017199523335679
12.017199713807178
12.017199718520887
12.017199718135128
12.017199646140513
12.017199713878343
12.017199715501773
12.017199650078396
12.017199718487918
12.017199649207372
12.017199586374135
12.017199541634415
12.017199718306337
12.017199653203587
12.01719971811693
12.017199717122136
12.017199712755561
12.017199718415398
12.017199718117416
12.01719971879123
12.017199649873294
12.017199718200658
12.01719964190751
12.017199640401277
12.017199521270191
12.017199718118542
12.017199718800905
12.017199649224212
12.017199717967523
12.017199648663823
12.017199718541919
12.017199716602747
12.017199718284182
12.017199559353163
12.017199654035243
12.017199600712434
12.01719971640687
12.017199718584529
12.017199718380574
12.017199659567364
12.017199718637796
12.017199716800556
12.017199541819538
12.017199576941154
12.017199712513124
12.017199718256927
12.017199646277945
12.01719928826519
12.017199335133746
12.017199354008945
12.01719930460104
12.017199168496008
12.017199302535406
12.017199297493793
12.017199285211921
12.017199309525825
12.01719930781592
12.017199306780428
12.017199308466724
12.017199273622364
12.017199300351985
12.01719930604513
12.017199275985744
12.017199508378438
12.017199342608908
12.017198925907396
12.017199324303155
12.01719930958467
12.017199338845327
12.017199038122513
12.017199386155491
12.017218556841923
12.017234901688505
12.017199289776592
12.017199574889556
12.01719924086669
12.017199564283768
12.017199297108812
12.017199308748497
12.017199246288316
12.017199284757913
12.017199646288358
12.017199310382058
12.01719933628447
12.017199301379117
12.017199337563852
12.017199304909703
12.01719930890256
12.017199302416765
12.01719894221471
12.017199307954948
12.017199204663415
12.017201213309091
12.017199180963315
12.017199033906483
12.017199324181814
12.0171993097652
12.0171993264039
12.01720021916194
12.017199402233993
12.01719928117824
12.017199309851254
12.017199303971257
12.01719928629549
12.017199285990428
12.017199308911202
12.017199227317118
12.01719939696611
12.017199309805035
12.017199302077096
12.017199307963502
12.017199225359407
12.017199171980378
12.017199315936796
12.017199306094078
12.017199266037748
12.017199483371142
12.01719976667922
12.01719923855313
12.017199392997483
12.01719967140111
12.017199258135289
12.017199360762739
12.017199312710412
12.0172004855242
12.0171990204475
12.017197788166506
12.017199281904416
12.017199305923896
12.017199311368794
12.017199269972846
12.017199319573647
12.017199318257727
12.017198998774205
12.017199309187673
12.017199302102336
12.01719930015061
12.017199257399072
12.017199313886415
12.017199600486368
12.017199293648288
12.01719926200899
12.017199503875537
12.017199548746067
12.017199387628237
12.01719931196197
12.017199279960808
12.017199304629584
12.017199307585853
12.01719927373644
12.01719932305018
12.017207765106702
12.01719930692029
12.01719930802518
12.01719926661016
12.017199308476615
12.01719925484502
12.017199302533651
12.017199310077775
12.01719931032415
12.017199433613783
12.01719917878661
12.017199463687332
12.017199295842646
12.01719929489176
12.017199308282521
12.017199417268351
12.017199269170113
12.017199271440637
12.017199411418295
12.01719928160132
12.017199307445955
12.017199278946919
12.017199063311201
12.017199281329733
12.017199289236475
12.017199230300625
12.0171993217882
12.017199279705785
12.017208452795018
12.01719921217249
12.01719929374722
12.01719934398694
12.017199259481803
12.01719930918095
12.017199292253522
12.017199272762317
12.017199117460569
12.017199117185857
12.01719910014317
12.017199422856288
12.01719900625887
12.017199286592527
12.017199225997729
12.01719913995229
12.017199157647267
12.017199129763899
12.01719915606904
12.0172008974319
12.01719889942801
12.017199088937836
12.017199130736573
12.017199208205252
12.017199076343816
12.017199654040665
12.017198596364175
12.017199093345354
12.017199121827145
12.017199043281124
12.017199152705324
12.017199155937487
12.017199174683011
12.01719885026371
12.017199159644385
12.017199622769866
12.01719920263223
12.017199127048297
12.017199122613874
12.017199153508011
12.017199140815213
12.017199143313894
12.017199159117794
12.01719769617221
12.017200201578223
12.017199024304686
12.017199117239036
12.017199268516812
12.01719912936467
12.017199908210808
12.017199148421689
12.017199335541097
12.017199141674237
12.017199012959216
12.017199136631543
12.017199142408177
12.017199330266564
12.017199786951785
12.017199300922432
12.017199173713596
12.017199197748594
12.017199124737534
12.017199147668485
12.017199290501974
12.0172014586871
12.017199310390978
12.017199471280664
12.017199237146526
12.017199300621233
12.017199706699753
12.017199296141559
12.017199311054846
12.017199278242227
12.017199387181485
12.017199304612793
12.01719911308988
12.017198384971921
12.017199310323939
12.017199331200043
12.017199316288874
12.017199306484752
12.01719927332063
12.017199302170049
12.017199625513301
12.017199646202931
12.017200579716555
12.017199305703263
12.017199434802462
12.017199299882353
12.017199139423894
12.017199304750909
12.017199310747555
12.017199304893184
12.017199299428974
12.017199314136066
12.017199344004789
12.01719922714009
12.017199308109584
12.017199242229594
12.017199450755113
12.017199351988658
12.017199175743025
11.771169525358445
11.771169525899301
11.771169525454969
11.771169525552436
11.771169525366252
11.771169525453123
11.771169525460996
11.771169525326236
11.771169525358845
11.771169525448194
11.771169525462515
11.771169526065867
11.771169526108443
11.771169526148206
11.771169525125247
11.77116952545898
11.771169526118936
11.771169526091098
11.771169525456687
11.771169526220568
11.771169525446604
11.771169525619689
11.771169525345224
11.771169525441831
11.771169525458546
11.771169525871757
11.77116952581908
11.771169525453672
11.771169525489263
11.771169526111922
11.771169526079264
11.77116952481467
11.77116952554661
11.771169525449078
11.771169525455132
11.771169525462131
11.771169525353733
11.77116952576458
11.771169526071388
11.771169524992374
11.771169525457646
11.771169525442486
11.771169525453624
11.771169525451603
11.771169525546341
11.77116952535273
11.771169525356608
11.77116952543687
11.771169525355628
11.771169525399106
11.77116952553758
11.771169525358676
11.771169525451356
11.771169525189837
12.01719905681371
12.01719938918585
12.017199065647162
12.017199202945347
12.017199307634796
12.017199304797256
12.017199299372411
12.017199312578045
12.017199225770389
12.01720396080982
12.017199306200771
12.017199299062451
12.017199172651818
12.017199298655699
12.01719904762836
12.017199264411417
12.017199305446809
12.017199306933174
12.017199108901021
12.017199243797748
12.017199412921372
12.017199218681338
12.017199288042068
12.017199327945569
12.017197051383732
12.017199064458683
12.017199284317632
12.017198167872959
12.017199172290965
12.01719963833058
12.017199198464448
12.017198807443014
12.017199297405
12.01719930490514
12.01719937292313
12.017199308549541
12.01719930334456
12.017199306465994
12.017199333124436
12.01719930157527
12.017199074323907
12.017199171324801
12.017199306666472
12.017199323844807
12.017199309523614
12.017199277325567
12.017199329770387
12.017199288984397
12.017199311456706
12.017199305398282
12.01719930798808
12.017198687688241
12.017199304772767
12.01719930018534
12.017199297384396
12.017199395847161
12.017199488562362
12.017199330305226
12.017199294169997
12.017199303919886
12.01719930176836
12.017199288663088
12.017199250305808
12.017199307815138
12.017199308231309
12.017199274799477
12.017199245908653
12.017199468398555
12.017199322441376
12.017199316439582
12.017199314037153
12.017199262160354
12.017199304043222
12.017198889525302
12.017199269062392
12.017199309184399
12.017199434483175
12.017199886268035
12.017199307315435
12.017199294964644
12.017199230404701
12.017199304360476
12.017199211898808
12.017199320328535
12.017199262952158
12.017199308712508
12.017198706288468
12.01719900033335
12.017199298956736
12.017199306908058
12.017199433385489
12.017199639026481
12.017199304104167
12.017199293640266
12.017199212657813
12.017199307246742
12.01719924567843
12.01719914483026
12.017199309590222
12.017199317981525
12.017199320054857
12.017199143047261
12.01719928352994
12.017203996375567
12.01719928715042
12.017199264699164
12.017198598323326
12.017199497149766
12.017199271975942
12.017199304818751
12.017199261276591
12.01719927660517
12.017199278303774
12.017199325842277
12.017199304214342
12.017199854399548
12.017199313546683
12.017199420273482
12.017199378921255
12.017199299331958
12.017199578687062
12.017199280698346
12.017199368244878
12.017199252740596
12.017199325411426
12.017199329886202
12.017199288495384
12.017199520261588
12.017199347872934
12.017199308463363
12.017199353981356
12.017199355133295
12.017199253300076
12.017199181498052
12.017199341425654
12.017199291850666
12.01719925498987
12.01719930641337
12.01719940333918
12.017199308165823
12.017199165881445
12.017199308015336
12.017199393532122
12.017199293902499
12.01719926478048
12.0171992661284
12.017199308016433
12.017199223060794
12.017199084894129
12.017199137446527
12.017199136428342
12.017198403916437
12.017199141273256
12.017198975835447
12.017205016581107
12.017199459544157
12.017199167757672
12.017199358256946
12.017199072442686
12.017199260191768
12.017199405034377
12.017199065143801
12.017199222546921
12.017199133055003
12.01719919296073
12.017199153208983
12.017199139443436
12.017199264233808
12.01719910117443
12.017199119879743
12.017199001202181
12.017199153500998
12.017200531983503
12.017199199776545
12.017199463510668
12.017199923919984
12.0171991178008
12.017199148248878
12.0171991381433
12.01719912583854
12.0171989267634
12.017199124457429
12.017199142285701
12.017200325757726
12.017199138692616
12.017199259720943
12.017199148081437
12.017199146347064
12.017199143158063
12.017199346056794
12.017199118085426
12.01719914419944
12.017199100698148
12.017207504520242
12.017199124043879
12.017199308872529
12.017199297571809
12.01719931528603
12.01719930532956
12.017199419153345
12.017199308908673
12.017199256899435
12.017199309657677
12.017199305426814
12.017199306947367
12.01719930776466
12.017199300893493
12.017199372526523
12.017199231986975
12.017199269918109
12.017199300253903
12.01719922269252
12.017199272137479
12.017199262280153
12.017199234682105
12.017199319274036
12.01719929331494
12.017199123680685
12.01719931061856
12.017199379008563
12.017199591263056
12.017200176112368
12.017199308983102
12.017199290866278
12.017199278802657
12.017199307851994
12.017199463129177
12.017199317375537
12.017199326779394
12.017199473603581
12.017199220994813
12.017199238670537
12.017199395619395
12.017199280720712
11.771169525479394
11.771169525883945
11.771169525451528
11.771169525455223
11.771169525330029
11.771169525543833
11.771169525334477
11.77116952446926
11.771169525359015
11.77116952593861
11.771169525361172
11.771169525772567
11.771169525457443
11.771169525864574
11.771169526122717
11.771169526016667
11.771169525542215
11.771169525438676
11.771169525366673
11.771169525370142
11.771169525455923
11.771169525353573
11.771169525688387
11.771169525446492
11.77116952492783
11.771169525453983
11.771169526094257
11.771169525353365
11.77116952529299
11.771169525871304
11.771169525454141
11.771169525856639
11.77116952588722
11.771169525357106
11.771169525363057
11.771169525458395
11.771169525365288
11.771169525354686
11.77116952535729
11.771169525459236
11.771169525536974
11.771169525719149
11.771169525358953
11.771169525938594
11.771169525504135
11.771169525993525
11.771169525457609
11.771169525787077
11.771169525441781
11.771169525446801
11.771169525541975
11.771169525453567
11.771169525356028
11.771169525355829
12.01719935670651
12.017199343686183
12.017199351496638
12.01719933810348
12.017199717940047
12.017199718269598
12.01719924897933
12.017199312610728
12.01719930404292
12.017199243777371
12.017199300111333
12.017199341995957
12.01719926600332
12.01719930696128
12.017198192750023
12.01719930789563
12.017200059897794
12.017199248395267
12.01719929396546
12.017199207796615
12.017199893286127
12.017198666593067
12.017199220982434
12.017199304098561
12.017199263321515
12.017199300793928
12.017199279104688
12.01719928870807
12.017199568762551
12.01719930803108
12.01719946171628
12.017199307290888
12.017199289169714
12.01719911907898
12.017199307767987
12.017199356955631
12.017199312400145
12.0171992982803
12.017199307077124
12.017199448639438
12.017199255272736
12.017200854249442
12.017199311509284
12.017199303735282
12.017199114574748
12.017199258765519
12.017199311373817
12.017199309278974
12.017199307748957
12.017199270581305
12.017199361948707
12.017198927193904
12.017203335616168
12.017198371183433
12.017199304821556
12.017199308680755
12.017200749865433
12.01719930832955
12.017199291239677
12.01719943956044
12.017199416507525
12.017199192359968
12.017199230071807
12.017199756502997
12.017199294302253
12.017200007727162
12.017199315758438
12.01719930519838
12.01719926988186
12.017199293060523
12.017199298889768
12.017199308000103
12.017199458110005
12.017199278197616
12.017199165842133
12.017199554763243
12.01719831051067
12.01719921401314
12.017199308034412
12.017199783655206
12.01719930754709
12.017199274540092
12.017199228727282
12.01719931911473
12.01719932752956
12.017199295718152
12.017199850727833
12.017199310502098
12.017199308988216
12.017199308445008
12.017199303537561
12.017199158302311
12.017199107076529
12.01719896323673
12.017199308583498
12.017199306629253
12.017199313568163
12.017199289664651
12.017199325838833
12.017199244056949
12.017199185506003
12.017199107976337
12.017199313441736
12.017200062387639
12.017199309187175
12.017199309751744
12.017199344599254
12.017199330669746
12.017199441868621
12.017199311946221
12.017199291066364
12.017199308098267
12.01719930948392
12.01719911834984
12.017199304165702
12.017199380644401
12.017199638020497
12.01719933066926
12.01719979261583
12.017199267573279
12.017199257491038
12.017199301678493
12.017198189848791
12.017199317435226
12.017199581394827
12.017199295886368
12.017199149191445
12.01719930242742
12.017199275534185
12.017199503779986
12.017199303390562
12.017199312320262
12.017199522992694
12.017199137907323
12.017199361983941
12.017199074879077
12.017199384132102
12.017199306302338
12.017199315963708
12.017200094039566
12.017199308225107
12.017199315509
12.017199300927945
12.017199046064349
12.017199309472849
12.017199458957437
12.01719930364045
12.017199194089661
12.017198827939502
12.017198143067665
12.017200082041889
12.017201168835001
12.017199033881951
12.017199127794273
12.01719914001463
12.017199139222782
12.017199147044037
12.017199135050042
12.017199070442672
12.017199129701735
12.017199123286089
12.01719913575018
12.01719913023795
12.017199126674187
12.017199139221114
12.017199143445033
12.017199281028047
12.017199179081377
12.01719910058152
12.017199187235928
12.017199221056826
12.017199221687571
12.01719910964433
12.0171991400263
12.017199446123
12.017199081691025
12.017199126587025
12.017199088681554
12.017199248820932
12.017199147879218
12.017199183439914
12.017199135300944
12.0171991384301
12.017199147300193
12.017199129342547
12.017199140240429
12.017199138514904
12.017199248338839
12.017199127227192
12.017200093629182
12.017199127703542
12.017199218668882
12.017199129622965
12.017199142733933
12.017199842324832
12.017199952158562
12.017199232697427
12.017199305044453
12.017199312049367
12.017199307178089
12.017199378920594
12.017199363816456
12.017199288367461
12.017199311003383
12.017199303504881
12.017199101988297
12.017199303350328
12.0171993208033
12.017199303732468
12.017199312300923
12.017197283157637
12.017199348092992
12.017202155094829
12.017199210694294
12.017199143622861
12.017199183757239
12.01719928883638
12.017199215788619
12.017199350942228
12.017199343620668
12.017199307816002
12.017199308920047
12.017199238755746
12.017199455144448
12.017199145104543
12.017199279103194
12.017199310711693
12.017199091227177
12.017199721822841
12.017199283794312
12.017199426146092
12.017199372795146
12.017199300893816
12.017199417775755
11.771169525445355
11.77116952535491
11.771169525451024
11.771169525356243
11.771169525368524
11.771169525356996
11.771169526213
11.77116952536648
11.771169525622495
11.77116952536449
11.771169525440483
11.771169525451437
11.771169525291855
11.771169525455717
11.771169525352242
11.771169525964462
11.771169525355269
11.771169526154223
11.771169525893972
11.771169525356301
11.771169525451487
11.771169525884545
11.771169525462916
11.771169525511636
11.771169525454557
11.771169525365785
11.771169525510913
11.771169525373141
12.017199716953705
11.77116952535451
11.77116952535434
12.017199718498068
11.771169525360147
11.771169525432903
11.771169525719898
11.771169525367062
11.77116952579171
11.771169525462382
12.0171997183804
12.017199718409564
12.017199718295068
11.771169525354354
12.017199615544218
11.771169525164414
11.771169525370402
11.771169525460163
12.017199718408273
12.01719971787629
12.01719971651663
12.017199717021338
12.017199717598228
11.771169526016841
12.017199718760612
12.0171997187954
12.017199341703643
12.017199366995934
12.017199355301363
12.017199304301363
12.017199497793298
12.017199427644492
12.017199380563815
12.017199300664522
12.017199216559755
12.017198744705759
12.017199307776966
12.017199274289007
12.017199835238179
12.017199295449677
12.017199304395602
12.017199308490984
12.01719956479704
12.017199317197747
12.017198704503592
12.017199285490817
12.017199308149854
12.017199308659793
12.017199499664798
12.017199236979993
12.017198785550116
12.017199285613723
12.017199355777516
12.01720028801686
12.017199308663265
12.017199421684781
12.017199293028797
12.017199157944692
12.017199287084866
12.01719942060607
12.017199851294423
12.017199332978604
12.017199329036274
12.017199305299327
12.017199306626562
12.017199309896164
12.017199315261045
12.017199811445517
12.017199302311546
12.017199307121327
12.01719918036431
12.017199294742536
12.017199334411462
12.017199350288614
12.017199188914812
12.017199280992465
12.017199280205302
12.01719930797853
12.017199292997478
12.017199300309947
12.017201956369156
12.017199361595644
12.017199296608783
12.017199304034536
12.017199436668994
12.017199364724657
12.017199207105977
12.017199304392705
12.0171993038883
12.017199352233753
12.017199293220148
12.017199407435506
12.017199730948336
12.01719930149327
12.01719931376992
12.017199310928952
12.017199305930854
12.01720217116702
12.017199721068852
12.017199359135828
12.017199304711182
12.017199491081865
12.017199308386234
12.017199819940771
12.017200084465832
12.017199919654486
12.017199367869923
12.017199317509071
12.017199287638594
12.01720022832771
12.017199310910883
12.017199393350337
12.017199263289081
12.017199306936407
12.017199308359027
12.017199263734714
12.017199146975297
12.017199294462044
12.017199366276516
12.017199309216009
12.01719939305217
12.017199318226968
12.017199322196186
12.01719928375961
12.017199556920758
12.017199175356316
12.017199174748194
12.01719930838119
12.017199300066071
12.017199304104595
12.017199294338187
12.017199235389636
12.017199314021331
12.017199307822539
12.01719920379212
12.017199178506175
12.017201029238738
12.017199296662447
12.017199217872712
12.017199814572756
12.017199313485413
12.017199318643563
12.017199306506885
12.017199286611879
12.017199308395181
12.017199310169344
12.017199378640854
12.017199309266793
12.017199311087813
12.017199278030128
12.01719930655043
12.017199341846975
12.017199395517911
12.017199252172947
12.01720060905055
12.017199297997758
12.017199189292677
12.017199364750505
12.017199303594149
12.017199309181944
12.017199620438006
12.017199458495769
12.017199300526713
12.017199757732593
12.017199375234874
12.017199322347793
12.017199234109501
12.01719930435551
12.01719926617513
12.017199188684051
12.017199957600669
12.017199307902398
12.017199296960516
12.017199269129774
12.017199008675957
12.017204285945235
12.017199282400556
12.01719914794732
12.01719911358644
12.017199189259706
12.017199132901903
12.017199570066694
12.017199339768087
12.017199084509507
12.017199355270336
12.01719914118171
12.017199142032007
12.017199023827855
12.01719925889299
12.017199145349075
12.01719913117774
12.017199215132
12.017199168415939
12.01719911742756
12.017199097753581
12.017199143229552
12.017199168053487
12.017199142545165
12.017199028639768
12.01719914096529
12.017199151298072
12.017199223220421
12.017199129076456
12.017199270590869
12.017199157350323
12.017199107654562
12.01719913891289
12.017199024214515
12.017199320749777
12.017199192055324
12.017199157289628
12.01719911373975
12.01719916074138
12.017199170512864
12.017199161986905
12.017199118087467
12.017199689107537
12.017199084683613
12.017199146607126
12.017199102566597
12.01719914033384
12.017199674820985
12.017199253835745
12.017199197184173
12.01719925184496
12.017199310299755
12.017199272795342
12.01719898268028
12.017199225753766
12.017199308062075
12.017199233408311
12.017199406455617
12.01719939210254
12.017199250196333
12.017199126774536
12.017199026465569
12.017199309290229
12.017199186240218
12.017199308444548
12.017199308949488
12.017199309825294
12.017199295806241
12.017199291828902
12.017199301562979
12.017199582329054
12.017199365998222
12.017199309699484
12.017199301933958
12.017199288169364
12.017199328477442
12.01719930429186
12.017199301039456
12.017199449902867
12.017199307852763
12.01719930688497
12.01719930400685
12.017199124648458
12.017199317416253
12.017199329796496
12.017199345932893
12.017199718510417
12.017199717843752
12.017199718200008
12.017199718305593
12.017199718398352
12.017199716789799
12.01719971681424
12.017199650678624
12.017199718233796
12.017199652096005
12.017199648820492
12.017199649123732
12.017199643467437
12.017199718332748
12.017199718744715
11.771169525224206
11.771169525674571
12.017199614643118
12.017199650111502
12.017199648963846
11.771169525461884
12.017199651055147
12.017199718455203
12.017199628515637
11.77116952618845
12.017199716175762
11.771169525542096
12.017199714786097
11.771169525459674
12.017199715899622
12.017199648105777
12.017199656887561
12.017199718209735
12.01719964909653
12.01719971849924
12.017199718418244
12.017199671782757
12.017199716908816
12.017199717023294
12.017199583195247
12.017199716935542
12.017199718466749
12.017199718330303
12.017199718034838
11.771169525832791
11.771169525360254
12.017199640502884
12.017199715953186
12.017199718426184
12.017199624333895
12.01719971856007
12.017199718590465
12.017199647787741
12.01719971310597
12.017199718417208
12.017199351140459
12.017199718703973
12.017199307061809
12.017199217575964
12.01719955926379
12.017199304936803
12.017199266259912
12.017199214303085
12.01719918016803
12.017199730392347
12.017199394128468
12.017199332160201
12.017199301927661
12.017198041367758
12.017199306463295
12.017199303843684
12.017199297847066
12.01719932565033
12.017199276781271
12.017199347101942
12.017199549124877
12.017199478396124
12.017199296915669
12.017199340317973
12.017199309050474
12.017199364703172
12.017199304169496
12.017199304565684
12.017199267201978
12.017199348207264
12.017199307652689
12.017200384836151
12.017199340472459
12.017199305113678
12.017199302066736
12.017199332411641
12.017199235624265
12.017199290415514
12.017199308082633
12.017199307099132
12.01719797256288
12.017199294556255
12.017199310278022
12.017199206313068
12.01719923922791
12.0171993116765
12.017199192585819
12.01719930759702
12.017199332841255
12.017199311870511
12.017199304491557
12.01719941173088
12.01719930801635
12.017199307846687
12.017199285486475
12.01719972208975
12.017199182601923
12.017199269737004
12.017199335044458
12.017199558043325
12.017199308038593
12.01719928401212
12.017199311764694
12.017199308589495
12.017199202557372
12.017200240953954
12.017199277234738
12.017199096887628
12.0171993278091
12.017199455331177
12.017199217311104
12.017199306637217
12.017199309821075
12.017199315253757
12.017199191749404
12.017199300839836
12.017199448979305
12.017199311288584
12.017199310426324
12.017199308869698
12.017199247253846
12.01719930892953
12.017199238589585
12.017199309016894
12.01719931208145
12.017199484685957
12.0171991801806
12.017199197161375
12.017199264415769
12.017199287224662
12.017199365699003
12.017199311111073
12.017199260276639
12.017199279386098
12.01719923592579
12.017199364623334
12.017199307769511
12.017199278530638
12.017199342341474
12.017199252826988
12.017199310883262
12.01719930892021
12.017199308068014
12.017199262283853
12.017199572758024
12.01719930875711
12.017199221550252
12.01719931468952
12.01719925341761
12.017199341457689
12.017199308459041
12.017199236445444
12.01719928738431
12.017200003945344
12.017199319064671
12.017199204681624
12.01719932870338
12.017199389403816
12.017199305815094
12.017199428109315
12.017199213445984
12.0171993569131
12.0171993776225
12.017203124863851
12.017199318452082
12.017199191624762
12.017199287663813
12.01719929892793
12.017199280924347
12.017199307958855
12.017199303631486
12.017199274036466
12.017199274378504
12.017199386811454
12.017199308445544
12.017199306094668
12.017199290402107
12.017199230828213
12.017200389026248
12.01719933663648
12.017199290121837
12.017199306774007
12.017199205939187
12.017199220633495
12.017199308994028
12.017199316772599
12.017199165866684
12.017199110866372
12.017199140638056
12.01719963235089
12.017199141974874
12.01719915102448
12.017200015486905
12.017199206877017
12.017199161161253
12.017199130092616
12.017199127767903
12.017199142314627
12.017199140915507
12.017199100723852
12.017197456314276
12.017198689240187
12.017199109881508
12.017199156672223
12.017199139555455
12.017199016208687
12.017199716374297
12.017199069631568
12.017199402716493
12.017199652605639
12.017199022184379
12.017199036388968
12.017199181391739
12.017199140859544
12.017199327949772
12.017199153851697
12.017199060733049
12.017199183343145
12.01719906350658
12.017199157112252
12.01719909628167
12.01719911273118
12.017199135593113
12.017199140158025
12.017199248153316
12.017199083060651
12.017199863768388
12.017199210341289
12.017199147961925
12.017199157217206
12.017199141148168
12.017198998190308
12.017199139598961
12.017199137844731
12.017199302949605
12.017199306965793
12.017199579115275
12.01719925602313
12.017199376409648
12.017199309054753
12.017199279722128
12.017199524911804
12.01719924034222
12.017199318487474
12.017199306043743
12.01719257279195
12.017199229857367
12.017198386893439
12.017199309665166
12.017199809890927
12.017199285719958
12.01719929663094
12.017206630679937
12.017199332173739
12.017199304909665
12.017199301450633
12.017199255349716
12.017199296742463
12.01719930235117
12.017199305650328
12.017199286899745
12.017199308097219
12.017199278167242
12.017199268523912
12.017199306885944
12.017199309119555
12.017199374086617
12.017199380465994
12.017199285334843
12.017199371793353
12.017199326351394
12.01719917029402
12.017199328120356
12.017199713807484
12.017199718511176
12.017199718025097
12.01719971666461
12.017199715337496
12.01719971833024
12.017199718365777
12.017199718336753
12.017199653135815
12.017199585119895
12.017199649117194
12.017199718388323
12.017199654096828
12.01719953712554
12.017199718380652
12.017199716747854
12.017199716935613
12.017199649016742
12.017199552383314
12.017199718270868
12.017199718622974
12.017199716616178
12.017199718454245
12.017199716760764
12.017199716888902
12.017199718415643
12.017199713953053
12.017199649184692
12.017199608524832
12.017199718445983
12.017199649940352
12.01719971824442
12.017199648368484
12.017199718496158
12.017199718522344
12.017199718361155
12.017199718200972
12.017199717984196
12.01719971843998
12.017199718419226
12.017199718515165
12.017199718021491
12.017199717926765
12.017199649410143
12.017199713919148
12.017199718276448
12.0171996431497
12.017199718216625
12.017199718320526
12.017199534114944
12.017199717987102
12.017199718597448
12.0171996501708
12.017199649861915
12.017199343598332
12.017199665543188
12.01719940462205
12.017199254853594
12.017199334679958
12.017199266183233
12.01719928468268
12.0171988715809
12.01719933426737
12.017199302670099
12.017199320691702
12.017199306560167
12.01719929990098
12.017199306382226
12.017199301231868
12.01719931911543
12.017199152256067
12.017199301101769
12.017198991687062
12.017199309229143
12.017199881844697
12.017199255766707
12.017208079070908
12.017199606129656
12.017199306840196
12.017199297886
12.017199784106246
12.017199322183714
12.01719824341108
12.01719912384342
12.01719871755039
12.017199292227916
12.017199326855632
12.01719935826585
12.017199543670054
12.017199283208363
12.017199306387537
12.01719930794974
11.771167793759727
11.771167789123258
11.771167792543352
11.771167790268638
11.771167794513259
11.771167789975484
11.77116779154949
11.771167790920858
11.771167789701126
11.771167790304931
11.771167791680988
11.771167793272335
11.771167785755575
11.771167785191288
11.771167791176671
11.771167790442059
11.771167790805581
11.771167785263865
11.771167787940549
11.771167787742003
11.771167784959243
11.771167783682108
11.771167791443009
11.771167787312534
11.771167786139547
11.771167783152825
11.771167785180456
11.771167783895306
11.771167786570755
11.771167783712833
11.771167790181318
11.771167783816248
11.771167785873642
11.771167789609981
11.77116778443956
11.771167778900267
11.771167784366488
11.771167782507039
11.771167782410577
11.771167784577248
11.771167781615132
11.77116778485536
11.771167778658473
11.771167785010297
11.771167783725375
11.771167780317167
11.771167785179427
11.771167782105408
11.771167788036662
11.771167777444402
11.771167780035992
11.771167780151854
11.771167781709824
11.771167781770568
11.771167781799448
11.771167779420006
11.771167782800479
11.771167779683816
11.771167780588124
11.771167775949333
11.771167784047382
11.771167777975183
11.771167773122418
11.771167779281466
11.771167778629827
11.77116777731447
11.771167777203203
11.771167777565827
11.77116777676908
11.771167773771635
11.771167776953883
11.77116777556586
11.771167775371646
11.771167774453355
11.771167771563094
11.77116777954129
11.771167778715327
11.771167776217922
11.771167779189698
11.771167777208433
11.771167780530282
11.771167784005119
11.77116777711181
11.771167778897006
11.771167776114254
11.771167779557999
11.771167780016661
11.771167782187886
11.771167783805696
11.77116778373107
11.771167786091814
11.771167784741028
11.771167783873663
11.771167783195107
11.771167781021928
11.77116777959943
11.771167781022525
11.771167783926467
11.771167785482941
11.77116778953771
11.771167784489842
11.771167781356796
11.771167788216083
11.771167781895896
11.771167788935013
11.771167786676072
11.77116778893625
11.771167783071748
11.771167787554
11.771167802562065
11.771167803753553
11.771167801822653
11.771167799393494
11.771167803550046
11.771167804370526
11.771167799781402
11.771167802331874
11.771167801696745
11.771167799517583
11.771167803560198
11.771167806062033
11.771167798070106
11.771167797571442
11.771167805085506
11.771167805212853
11.771167801110252
11.771167807455425
11.771167802143308
11.771167803605602
11.771167797901917
11.771167799566308
11.77116779886804
11.77116780371814
11.771167804116951
11.77116779933191
11.77116780264313
11.771167804208348
11.771167803306472
11.771167799903441
11.771167804285769
11.771167800372591
11.771167803152327
11.771167805147037
11.771167802926989
11.771167804556574
11.771167805813699
11.771167799499773
11.77116780410837
11.771167808714951
11.771167804269167
11.771167800629682
11.771167802878576
11.771167797466141
11.77116780394365
11.771167803723097
11.771167802991945
11.77116780866563
11.771167784447542
11.771167787620293
11.771167781587877
11.771167789933319
11.77116778936616
11.771167788135237
11.77116779040671
11.77116779295483
11.77116778785586
11.771167790167338
11.771167793003977
11.771167789907855
11.771167786439664
11.77116778955735
11.771167789151589
11.77116778822271
11.771167790449011
11.771167784526064
11.771167787489455
11.771167787216799
11.771167794025226
11.771167783283468
11.771167789817152
11.771167786568107
11.771167785108211
11.771167790837945
11.771167785764101
11.771167787053146
11.771167791258149
11.7711677879546
11.771167787396593
11.77116778896027
11.771167789337065
11.771167787995912
11.7711677919629
11.771167783510679
