210.3736181
160.0626611
194.4331039
62.39209352
60.95181857
72.77010505
61.90113152
65.59914048
61.01941494
64.36044366
58.34219661
62.23126393
64.24052755
66.4092062
59.58701494
62.62284674
67.85327007
63.58118468
64.75537445
54.09812835
76.89447279
62.44684785
67.77150797
66.83816183
64.30768797
69.7477785
59.00407337
56.99893373
57.77783967
66.51494528
72.99634688
62.68185963
62.49200909
68.05504685
72.80939397
65.81767262
59.24258333
55.71443031
51.87131834
56.83262943
67.85280033
64.31756516
66.33100316
61.18065021
60.63820552
63.85284185
60.9721265
56.26663431
64.93342269
64.5364243
62.2597922
64.4757199
65.13568505
59.24140108
56.48530051
63.39676061
60.7706279
225.0725614
262.5950681
178.1657759
245.1064409
214.5116072
166.9622511
224.8189345
223.6423358
212.3372781
199.524273
219.3595896
220.6452658
615.4572041
349.12287
640.1922993
514.850532
714.1574501
794.7328505
787.0454718
851.1160243
757.1543543
905.6012105
875.7437503
690.2830147
916.5992348
732.9578657
457.6483187
918.923735
922.7738874
762.5222439
606.2534444
582.6050834
722.759811
685.8155573
606.8911544
629.3589521
369.8022079
322.4615639
519.6021165
467.4104913
452.9777175
604.0827849
331.7328057
343.9104559
335.0844574
352.5162814
351.7223799
331.7618651
307.0654054
191.4536111
322.7126643
253.0029034
173.1983546
276.5915127
172.1425954
175.2447304
181.5226631
178.2895143
190.382925
181.0192443
271.3686259
346.3206577
363.0634871
528.8516787
370.1020194
282.3201311
373.920798
394.3729643
413.4093475
374.8537493
420.2013084
363.0997961
249.1014131
263.3009257
311.4359579
153.2113133
301.405685
327.474663
198.8405866
186.6617489
181.7471915
205.5964577
209.7866376
208.5226222
186.3576493
117.9735943
152.4912133
192.7471238
177.4670078
194.6794256
157.66774
172.8001522
147.8342056
176.2370242
161.5893341
163.8237729
372.0374399
264.1869755
420.2978762
314.6467409
333.2462975
475.1922902
436.2948223
487.1465874
447.5870104
508.7845548
480.526901
452.5704502
320.4752628
344.8976939
384.018223
441.626977
373.0371049
391.4596212
214.9134726
189.1756937
225.4557107
226.8535139
201.7958998
210.108747
171.3831858
199.700511
243.5136761
217.3125492
232.0030236
200.1196982
208.2201671
231.3100013
212.6771157
205.7575962
228.1487642
217.0726035
185.4090977
216.3864807
216.3626446
248.0731869
168.8733659
191.7795332
238.7945513
208.2128136
197.0747139
229.8086512
231.1073768
205.6454597
295.1283107
187.1948942
276.2742099
213.8525912
267.1844705
207.7781515
316.6890066
323.6494094
319.300502
317.9589244
291.7228755
289.4055472
331.1982472
242.8176019
301.0847657
320.4274412
281.6999748
334.2588004
274.5720555
274.4227714
273.4742926
260.1456885
266.3969079
277.6238764
285.6196608
279.8454405
332.960947
332.5216821
280.6918484
262.4602639
288.8984298
296.2012858
294.4410736
297.4634102
294.8927604
294.7068786
352.711623
383.2286963
424.3873839
303.1880976
235.4256374
383.4296119
395.9941884
430.3708728
408.369726
418.3080458
430.2682366
396.1013131
1408.359934
559.0560869
892.6315257
1026.27208
910.6336341
751.3868635
1623.528602
1702.384046
1318.406449
1597.585902
1234.571972
1731.968049
2028.383499
1534.451373
1511.762512
2061.811929
2326.589957
1005.969403
1654.350497
3156.738972
2467.568877
2266.097954
1387.26217
2572.316712
1654.350497
3156.738972
2467.568877
2266.097954
1387.26217
2572.316712
927.4065806
1333.703059
947.1515004
459.3056334
343.0306799
313.7790775
208.6158571
245.620004
325.7793498
292.6085345
135.3523713
155.2014128
53.32009237
59.79793053
58.17865866
68.51869827
59.22841951
54.88074192
58.21221566
61.94499116
55.75361155
62.1382535
70.08196591
56.36460954
53.87947777
52.84244899
58.59644496
54.923626
68.1400417
57.88786294
59.88492484
69.80827348
66.39415644
57.46711916
73.09020395
59.71836962
67.34189426
57.24803304
53.60732777
60.92396047
59.17770239
71.89169349
64.14400056
51.8510464
56.96795082
53.00539281
66.1213722
68.63175759
73.62053193
63.6362367
66.7761856
59.84848147
54.96716626
62.39894226
65.07215338
65.9252435
63.15058085
57.05111126
52.43275568
51.32957967
65.5124094
62.84706877
58.49296619
58.38983028
61.39956112
64.6582699
268.4979461
188.78869
222.5533757
221.0783191
187.7091819
229.411057
226.3217731
220.0395798
217.2293746
239.881177
208.633208
238.851058
389.6620359
485.5264052
467.6109925
492.6650335
402.6278485
576.3033189
791.2179097
734.6492791
755.0575973
794.3780215
804.050326
792.8724321
712.8303333
752.2948223
827.6154725
683.3095965
843.8492688
759.6198672
665.1311202
514.064575
506.1169354
631.362787
591.4305855
638.4298492
335.7564397
527.4808052
694.5982845
550.536381
518.3141565
382.3673601
345.1692117
357.2310565
346.8652571
342.9319068
378.0030353
363.2544374
170.1173285
271.9299968
257.8246493
248.6054505
350.6774039
258.6850506
178.3378684
173.3520218
186.1353672
182.8220817
164.0963798
183.1626757
254.3243672
253.4196068
421.4114608
296.5205334
195.96006
239.7992845
436.615993
392.7126059
396.4265812
385.8066598
379.4590357
407.897006
290.2040224
311.9906025
411.4869802
341.3719763
340.2566942
326.0047258
186.6194973
216.5021495
198.7341446
199.5655207
198.4225266
198.7190723
192.8562944
146.5984091
201.5579068
173.5393154
184.8829209
193.5224005
136.9412091
169.846079
160.6550661
165.353237
169.8132387
166.9421812
258.4452898
319.6211461
329.0838208
324.0093396
255.8011598
439.0869793
483.3751142
474.5246348
556.9454639
431.8897951
461.5150061
464.6765553
328.2017383
258.7852977
292.4481851
396.4774086
243.7434616
424.7986385
229.103934
242.590484
224.6684665
218.1382401
199.9706713
207.8574359
203.7286982
220.9324391
191.3290949
223.4362448
208.0152699
237.6561691
213.7063014
210.6941496
213.2308459
228.974872
222.7892526
228.6769039
207.6215914
202.2727633
268.590529
204.270912
229.625271
231.858837
206.8684504
236.2825364
213.0943968
240.7644483
225.0766329
228.9504068
279.4801802
207.6609816
259.8769345
306.5800485
325.5403605
241.5859099
288.0544353
298.1901651
271.7867728
293.5480581
295.2086492
282.6707829
293.3462682
339.4591496
292.2777558
293.5149379
241.3897152
323.1843855
269.1592012
277.9276286
273.9610925
247.2686145
274.3336405
246.9106831
275.6821602
297.2837102
255.6781537
292.9662346
292.7876396
317.3928386
313.9317065
300.9836508
306.1676722
285.885844
290.63195
286.3849629
385.0978507
295.3827312
304.2494734
387.0705426
291.510135
263.5347354
408.2876478
393.281292
399.515038
399.0099681
400.8770132
409.6738856
921.1034382
1105.737379
826.5584655
1127.965034
1172.505077
842.0947233
1655.080173
1766.975092
1318.419283
1595.184778
711.0839959
1265.728815
1988.3857
1574.762388
936.5468474
2538.662758
1683.619685
1892.904156
1498.017999
1612.096382
1771.03192
1986.411389
1667.431462
1167.215658
1498.017999
1612.096382
1771.03192
1986.411389
1667.431462
1167.215658
1112.868815
1110.234361
757.8812666
530.5973142
348.3258331
295.8570742
237.5539979
227.0936966
185.9880693
190.0635617
210.7552557
246.2393985
54.49998254
46.85204048
49.56281461
54.11587357
53.65589262
56.17492559
56.94887781
53.21841652
54.70822821
50.8030368
60.20596423
59.3324929
54.62031655
59.04919974
52.55805494
53.89166971
54.30617341
52.32949969
51.56912169
56.13680561
49.30763136
55.60731602
39.64567388
46.27149273
52.67633783
51.11056585
44.72587216
56.15306667
52.67510911
47.63152065
57.28311945
53.94589096
56.57096512
50.16388632
59.94705549
57.26907411
48.64147302
49.53545563
51.83756781
50.62393397
51.41612659
46.38012356
55.70438206
52.95463425
49.90281724
49.44080077
47.16179366
45.07440982
52.51704695
61.07302893
48.95708346
57.04546596
55.91826559
61.52684287
208.2329132
169.5859955
115.0168754
124.6219142
174.7896959
144.7639417
205.5715906
188.3194766
201.8850878
196.2109909
189.5879933
208.9647226
320.8284635
518.7522555
608.6223395
260.8230045
533.6205812
404.6378886
738.8895612
734.025804
720.9903546
731.3108909
589.7551112
733.2742522
631.4835139
559.4942964
655.6179435
546.0648202
675.0549198
440.0426572
474.0389953
552.5826
528.5886833
458.6140062
561.812967
516.395668
331.2183329
410.681189
355.1567559
551.2112728
492.1632619
459.98887
323.5831557
287.7745795
301.5438959
310.6517779
327.9660316
320.1467268
200.7289489
238.2832333
288.9941855
236.9301872
226.8448465
218.5542144
151.7632267
146.9009902
163.7476914
162.5082542
152.2413826
158.6362897
288.1727329
294.4442644
315.8633011
203.2507089
281.1460191
211.3683751
341.9371793
335.4242018
365.5690475
367.6982817
347.4525507
365.3547975
228.632429
244.8436751
298.2404412
238.5940806
258.6572266
216.5815509
356.766972
341.4979918
368.7316855
360.0079309
356.1974754
373.83174
332.1327747
304.5473589
324.66726
228.9701444
220.8958977
348.3210944
163.7885686
177.3103371
171.6634544
201.8256573
172.8022628
366.9488123
272.1568242
329.3314117
299.4336784
266.8734736
334.7513074
443.3587982
423.0406794
434.4353228
487.365239
455.3404524
481.6023761
319.9377829
296.705018
281.734214
355.3448681
318.0758294
349.5535556
166.0380354
189.4595988
182.8178552
201.8842108
184.7938198
172.2016477
184.1011389
99.21884705
251.3811716
345.0767836
201.6001058
199.698048
272.0545458
180.509955
184.1850615
176.7895788
170.499302
177.7791214
181.1048973
192.1600455
194.0859564
178.0760109
183.0344238
161.1025776
179.8889745
180.6299968
183.8540284
198.7363669
190.5511287
176.8501969
175.6521626
192.3063458
194.5368935
181.3958828
176.6311
199.8947558
190.7400123
193.5917808
196.6355548
204.6370213
200.8219465
187.6302988
203.8078406
250.2889871
237.2334809
229.7026368
238.3319709
239.6700382
230.4591865
260.8566026
259.392644
234.0553962
275.4807257
257.5424126
264.7406594
274.1589196
259.9825387
254.6983526
224.2687829
256.1888644
234.5332373
294.5101679
268.4069001
275.9900065
296.157576
291.1455323
295.2269822
362.3359112
337.4295625
251.4377515
310.8904734
365.7104069
383.6416486
381.0667331
394.0573582
396.2875824
373.6831771
400.9793252
400.1330882
1080.550194
583.2222983
286.5330666
994.5095381
1077.51079
972.7555765
1425.302903
1413.972048
1462.85249
1320.634314
1395.197454
1314.938253
1377.425239
1755.605232
1923.680696
894.6478043
2439.314793
2468.894574
1960.048347
1924.579927
1914.146074
1931.148081
1930.849313
1963.380332
2017.252597
1579.329159
1676.482831
1388.973692
1640.711384
2202.560461
987.0536769
1088.163896
733.1479425
511.5782321
305.0361786
305.2204776
167.6239668
130.6583803
182.9692171
171.3420541
216.9174831
244.9988477
55.80592503
56.3552956
60.18275928
53.7510132
45.93632294
58.51250729
57.01837961
50.77657339
50.34442832
53.51999515
55.20284105
48.71662186
57.27759829
50.41290823
53.7257881
57.28754223
55.71368034
43.66379214
61.78713815
53.4168734
54.20130544
52.45203291
60.47944913
51.8358017
50.64281073
51.80026863
53.09136185
52.03957786
50.51184531
47.1215112
51.74904473
54.22860216
55.97084072
56.59455138
53.78980137
48.47943156
57.21207989
46.71689162
44.6407005
58.31210262
48.84352948
51.88608418
58.81751085
49.4834529
57.39122768
53.00354835
59.0433574
49.14559573
48.92810881
53.41393768
56.67841276
67.21543819
57.0233788
48.23873581
188.4555054
120.9549122
176.9382663
185.7956405
90.8483632
95.7563596
218.0285336
191.4239434
215.2354623
229.4586478
209.3354153
205.1386455
170.1816454
477.1762293
338.3492693
450.4582082
219.524133
343.942672
792.7267797
777.8857446
702.0133571
612.3654775
678.1896682
754.6126916
668.0834003
577.3005199
599.766367
693.1170183
695.2405907
617.5499329
636.0267774
491.4123804
526.8418402
476.367934
445.9029504
530.2749386
442.9532742
594.7316955
477.8429066
488.3510839
319.0114717
374.7102376
283.2050386
313.1617021
298.6230771
316.7038073
297.4241149
286.9177054
171.5904766
293.0370094
309.4312596
183.3294099
209.8208209
268.5307262
172.7057173
154.0741943
159.6148648
146.7864878
161.6173814
170.0769535
211.8109959
288.5834862
200.3631273
284.1524793
250.2946788
300.9117169
326.4086821
371.1766003
383.3145494
378.3398269
357.562818
327.1510515
252.1752083
216.5400304
227.7898613
183.5700054
306.6336762
261.2261646
361.0580802
333.9428846
371.5354532
335.5878574
357.8568902
382.2268362
251.9085154
260.5537566
223.6393765
339.1354198
136.9109629
187.2614854
181.2430895
188.2685414
176.6039742
191.2784152
178.4547219
266.1991509
277.4364972
297.3532646
335.3487185
219.6050202
328.0063478
366.682937
436.6724672
437.6734163
410.4269364
392.3652856
483.775561
299.7553663
306.7745305
340.2714284
347.044177
313.0786378
325.3202203
180.0399658
192.2882879
197.5386258
189.0015603
176.3234353
179.3344046
178.0437585
301.4808009
219.842492
253.2484602
307.0153627
259.8516866
312.7207036
177.3994445
178.9722009
189.8404132
205.7494597
182.7985255
178.0505408
167.1993556
192.0582608
178.2193618
182.5115684
191.0104779
204.7538531
190.0608751
170.050308
197.2214798
180.4286344
181.1933919
172.5322172
194.3163388
195.2080205
203.6686752
197.6789207
198.2650026
192.6607513
198.5482286
186.5908548
194.9836666
187.5423539
180.1450582
186.1330309
231.3183708
246.0064863
231.0932968
246.031457
239.4695623
234.3658156
244.1462217
240.2044078
273.5538376
250.9809597
231.5459851
239.5501319
269.386557
271.0018984
219.9881428
260.6369988
231.6182409
360.9622575
277.5563721
248.9291968
289.5425024
276.1873025
276.3519339
287.1721816
367.6815583
227.2700073
369.2157281
381.1630134
328.6154961
386.0455911
383.272696
387.0906356
380.9150062
380.408005
432.3981804
419.1659499
1080.413843
1124.25698
787.5313018
1271.875472
408.6648615
565.1387576
1506.012775
1436.754307
1449.952165
1452.078665
1458.876734
1479.29615
1929.961521
2293.847996
1510.880101
2507.030837
1377.910099
1272.668192
1881.417905
1976.096013
1899.234046
2088.601797
2024.77944
2050.137608
2479.35223
1916.871165
2809.02676
1105.187521
1002.909579
1045.056907
1118.593989
1102.388163
941.5377455
352.3170012
352.4448602
323.7760077
190.0360334
130.9010398
184.3974989
148.4513479
213.7289042
270.7278711
48.33938786
50.13327979
53.18755448
51.23806034
57.1757322
52.20893134
49.41638889
53.81168381
52.0875006
51.74188339
45.38505457
52.89798753
58.18217225
60.02321441
47.63005446
50.08665169
49.98016312
53.34656304
55.03831696
50.12581016
52.6336342
50.00084261
57.29663104
51.89454846
56.30551055
51.16704874
45.47043591
50.9446909
59.46069117
48.27359792
48.22536388
56.47767062
53.14214557
42.82131834
48.98041859
51.31506948
52.33396191
53.56914215
62.65091178
56.93281923
57.8199272
47.10218411
55.26648694
52.34740066
48.34633874
52.11789551
56.41472228
54.55288248
54.34911905
60.24109512
53.8826313
50.57877672
54.35790937
60.3877817
122.4439817
119.6502213
115.7770094
146.3386638
123.161921
136.4375231
193.4778982
203.8701874
205.3624328
206.6910078
193.7758153
205.7007838
410.3799155
457.1169233
555.9322774
498.5073718
376.2068052
361.9038159
761.83891
708.4058377
658.6825474
734.4998347
791.2972834
681.1874221
769.4531227
650.2516768
676.6037049
518.2995054
630.1006299
623.643971
520.4824555
597.0799776
526.7444416
517.3589469
556.3135114
530.6281741
364.0100637
316.2240796
302.7704045
447.5296996
373.5231287
503.3038304
340.0910172
294.668228
301.1996875
292.987711
333.6975397
307.5235395
164.4088595
212.7045573
323.3987143
262.952813
244.1707957
266.7623955
158.5477078
164.2952479
149.7711687
171.6944991
157.1851209
160.6338474
261.7520483
208.6520277
248.9213502
235.0391113
276.7058937
208.8099723
363.5592594
354.4631441
370.2822023
379.075565
345.2913872
352.2685406
210.5592962
255.544512
320.0148476
206.9657318
293.7099594
230.9741629
338.0761429
370.311494
363.057503
356.8879111
384.5443808
361.2760454
284.5865195
283.758662
237.6823288
226.80875
208.7732087
234.266635
173.4495361
180.2265109
186.6027365
188.0436829
202.1942337
343.3418331
292.0692812
314.7332445
281.9870883
252.4928676
284.0001008
420.7613953
474.4004766
408.8935721
453.3113063
472.7178474
446.4627069
305.2367052
206.815295
394.2469554
384.3467628
251.8638386
295.8338348
188.7642397
172.755393
191.6390962
195.0644179
178.0309328
182.7887572
180.538048
272.0932538
312.9514395
254.9895224
258.2361366
293.7580111
242.0164515
180.5662967
184.3207458
190.7711321
190.5080445
195.5758152
187.6351354
181.797583
189.7997168
190.1325467
193.9262178
188.2391763
188.5644637
177.8633687
184.4076403
185.9355755
205.7894443
187.4736099
187.3548645
197.4863093
190.8046165
193.1961203
201.8946776
193.0167192
196.1317992
201.4804145
188.4509682
181.3300203
174.4044072
199.3143064
189.5152431
250.2281043
252.5523902
233.5024631
238.9747343
232.3272085
254.4328971
240.0754199
241.5554947
258.5895097
260.9373355
266.476959
270.1134104
222.2730071
238.5215425
282.5124227
298.4057791
254.2047627
271.5078141
258.9716329
258.8738241
285.4978484
252.4429125
312.4556943
280.2808095
380.4418109
326.8676566
359.7835473
246.7280102
314.8972176
355.9459449
372.859543
398.7614506
385.1532932
378.6245427
373.423693
369.2881153
1194.100243
878.6370085
1189.769829
804.9824709
1146.326149
1023.28108
1306.575191
1357.113339
1492.809363
1408.908332
1333.448493
1381.896866
991.2157712
1408.114731
1411.33957
1652.327274
935.5207089
1526.119146
1886.184851
2026.00381
1920.544931
1948.46075
1946.165328
1961.763709
1030.299255
2178.993494
1293.354672
1172.10337
1856.153421
1544.346651
1069.284391
1126.902592
532.6007715
546.7752479
318.0508823
303.307982
214.8749836
220.0926862
182.8010604
170.8163841
163.7214212
142.7227125
55.83615123
58.24027391
56.37727829
57.42113557
57.48405595
52.50542426
54.90688606
55.19204032
54.6499986
63.88670774
57.5084926
55.36058626
55.63341859
52.69909466
55.68198622
49.8810816
45.24653335
54.13754129
54.58245634
52.5601548
49.30436554
53.59784387
58.07105387
50.59476032
49.69527673
53.73069069
43.51338195
57.93320473
47.65557301
50.78420756
56.20429768
58.3086348
56.64383987
54.11062482
53.67764923
56.95381299
51.64509106
61.2810612
61.63723572
54.40463617
61.49783253
46.70103029
53.52609913
51.3337875
41.32201609
48.19679501
56.90214763
54.94903849
55.03957904
55.59362642
57.77124116
56.41634725
64.03317972
47.15897484
87.05097115
133.5628962
91.18730603
127.8149946
148.750503
203.0387651
203.8587626
200.4435439
215.9980496
208.6251627
203.1293639
206.7725147
580.4940653
277.3736122
608.7454904
436.0715561
293.0987782
393.5394265
775.8344469
746.4371108
698.0669546
694.8791568
716.3681159
691.7639309
538.1190776
536.6626593
514.6941987
630.8153724
747.1070033
702.4814203
471.1956158
543.3592779
665.9559461
539.4789273
528.680619
512.5006446
335.779006
429.2949653
461.8108612
294.6687922
486.9235909
354.3731225
308.7180814
325.3434614
298.9589432
319.8827565
315.2797083
315.1786057
218.4098593
186.0607264
219.1296274
388.2409361
201.2927661
255.6500852
160.7725449
162.4904177
163.0246169
160.7724465
158.2255313
157.7559542
322.6721083
246.2858847
309.0120635
296.3326263
222.3663966
265.2786911
385.9862607
362.3673324
358.8153682
389.721713
353.5863581
345.9273526
278.2031881
350.7712141
211.6350824
220.3256794
285.3333691
258.7904345
331.1218487
337.8001078
352.5981637
374.0947592
357.2344859
372.9805944
214.603637
245.4505947
344.8366641
269.8340214
323.3534525
267.6579687
168.1206014
198.7406353
184.5331593
172.8829118
181.5452647
312.821186
351.9807103
305.4431686
345.2294231
285.3103312
299.6009569
446.9854443
432.7615195
451.1115655
434.6985439
504.5398736
496.9210908
340.443191
377.27112
383.0923237
261.3530717
331.1669605
333.9757856
176.5809755
182.3965434
191.8355377
190.0413981
191.6722262
200.3650686
198.4781003
275.519804
216.3245866
216.7054352
273.1902356
205.3670827
218.0092174
191.8659676
186.169964
192.9255932
171.6441373
188.0384352
172.4731355
171.9682335
184.0901674
184.7799634
169.8809089
191.6102729
185.088369
186.6766997
194.2412896
188.8009263
188.597347
193.0611056
189.3635059
196.1315311
191.1604959
179.4883093
187.8710819
194.1157557
199.0610501
182.8656416
197.1279422
194.1143079
179.3971722
197.865693
173.8739716
225.3086881
236.9496053
229.4023542
229.8311034
244.524717
231.2861798
256.5011463
225.9800822
256.0361829
252.7837955
267.7804827
279.0429732
245.7114152
200.6604567
261.7441956
262.1132424
271.6567074
287.4493142
283.3158172
274.7354036
286.9106542
285.8279028
314.8226121
289.1304511
332.0978946
319.4382118
380.3177813
368.8808969
363.1758643
334.8348663
378.3327243
393.9523645
357.6299461
400.8020896
398.7164413
383.4947301
1191.843974
870.2140749
508.323221
1196.542994
847.1751232
739.5025488
1339.045892
1377.960874
1430.601438
1424.776312
1474.136491
1509.450464
2265.96929
2075.817678
1409.467109
2092.954268
2332.803455
2065.444523
1833.827263
1988.024463
1873.901057
1902.606305
1962.043543
1990.335011
1293.529594
1292.126669
2064.816317
2133.412795
1157.714024
1385.02699
1121.754212
958.6398654
622.5503533
710.77731
346.314415
308.6796398
139.1239187
187.1062648
181.8816287
237.9408383
198.1469236
159.1527517
45.46814479
54.91750454
51.09030397
52.19688762
52.69667518
65.32575437
49.59880572
53.85957731
56.68595163
56.05705204
57.22296509
51.92682883
48.21686897
51.85112752
53.47674708
55.29333936
52.46467303
57.51411639
47.3718624
46.71877421
57.10836818
53.01117655
50.28943402
54.98075874
56.39779964
57.21865549
47.01126218
58.25713877
53.68397373
51.79119306
46.9486953
53.68724239
51.22893834
57.26654935
50.67468372
54.34921407
54.13070626
54.36981186
62.23391979
52.80629224
53.11967163
63.91800334
53.07491844
55.55599642
44.60545108
48.8615055
50.66441392
58.80910169
60.56689673
49.21502004
50.04219135
43.83792372
45.00101795
50.35977732
124.4242831
156.8121605
169.0614761
134.794744
120.3716923
195.8364412
204.9787296
191.9987467
196.081482
211.2386414
199.4339166
196.721728
457.2089551
527.8580995
499.3017832
222.0281373
366.438946
271.0127619
700.4390303
598.7489168
812.5308518
680.0435791
640.8964057
722.1431353
525.1889595
628.6386397
658.6689301
505.6609545
544.4991913
460.085947
552.7723962
522.5924662
492.7632802
485.3136901
493.9488815
471.7213242
521.1482548
323.1310248
326.3108101
402.5436606
407.7060745
417.2892095
284.6122386
311.5233343
320.0465231
292.6635613
298.3047473
316.0832598
218.2968285
172.990415
270.3454436
265.0450726
190.8398878
225.832705
151.154571
148.0211398
151.7992793
158.1688094
167.2411835
152.1340166
237.9408159
228.3081698
192.0622234
301.2920394
247.9443673
395.7860345
370.8018208
347.3507297
356.0303085
342.8845576
353.9148985
350.4583378
284.6383036
211.0430591
271.7172307
215.4637095
350.0390537
257.1693461
345.2280167
380.3129293
340.7667303
361.1586805
396.6227217
374.2765219
319.1977478
343.0375482
291.6184467
182.1516756
346.9285745
262.4587732
174.1401366
175.5498376
194.9888285
181.9377576
175.584101
260.6891779
285.3394052
323.8047837
326.1236598
335.8204482
256.7577649
407.0406245
372.5489288
401.908903
451.9548793
468.5782257
414.6777893
343.7652562
406.6923441
296.3604929
346.3936959
303.599519
269.3460283
167.0053185
193.1022906
189.42605
185.2775007
191.5590249
179.470201
188.5532445
283.5574036
271.0136362
267.3253289
274.6339042
89.02179708
343.7329312
173.3243139
182.4278753
178.7306588
190.2041761
182.6329389
188.6230227
199.0873747
193.8149371
188.0904261
197.9342686
187.6413632
186.7399295
188.0648968
185.2162808
180.7504819
191.071329
203.5593422
182.2316425
198.958497
204.6883518
189.6903697
196.2541688
182.2393699
190.1482081
198.0009764
194.8040502
193.6933685
193.0240086
210.0370533
208.1622898
252.6649515
242.4118119
241.5595744
243.8332792
246.6157085
234.9158748
254.9492161
261.9344175
248.9272478
267.7126022
279.6145886
239.8966586
289.0849162
278.4924615
269.0688645
265.4767489
228.0864753
269.0495561
277.5407593
262.1604552
279.9023091
285.4616879
302.1503976
275.711963
356.7514268
356.624785
310.9256165
318.5109101
316.0732027
260.0367512
396.1144339
381.5677583
358.3580349
394.8772043
396.2906875
418.3489115
332.934408
1019.926372
770.7113702
1169.847998
632.1467737
1027.024843
1371.595749
1474.107476
1343.625461
1311.885601
1283.742652
1513.030158
2075.1125
1584.727846
1164.072786
1657.721599
1660.291221
1993.082984
1829.0295
1936.971745
1935.568301
1896.52988
2045.858843
1972.339731
1229.345337
2197.437296
1654.244177
1664.320738
2229.690783
1333.23167
1060.828108
1109.061376
693.8239663
1060.810167
327.8186204
315.0963027
160.7319478
201.0228751
163.6961335
