.00846068338890225
.00846068338890437
.008460683388912121
.008460683391116584
.008460683391116736
.00846068339111646
.008460683391117031
.008460683391117428
.00846068339111866
.008460683391118584
.008460683391118955
.008460683391118006
.008460683391118214
.008460683391118246
.008460683391116667
.008460683391116079
.00846068339111902
.008460683391118256
.008460683391116108
.008460683391115786
.008460683391120523
.008460683391119182
.008460683391116384
.008460683391117843
.008460683391117284
.008460683391119064
.008460683391116034
.008460683391118651
.008460683391116405
.008460683391118832
.008460683391119645
.008460683391116941
.008460683391118348
.008460683391119337
.008460683391117182
.008460683391118384
.008460683391117187
.008460683391117855
.008460683391119932
.008460683391117687
.0084606833911183
.008460683391117791
.00846068339112008
.0084606833911188
.008460683391119245
.008460683391116736
.00846068339111765
.00846068339135343
.008460683391352265
.008460683391353724
.008460683391354243
.00846068339135301
.008460683391354541
.008460683391354171
.008460683391353856
.008460683391353783
.00846068339135309
.00846068338899017
.008460683388990153
.008460683388990243
.008460683388739919
.008460683388739726
.0084606833887399
.008460683388739515
.008460683388739862
.008460683388740215
.00846068338873968
.008460683388739653
.008460683388739796
.00846068338873968
.00846068338873968
.00846068338873934
.008460683388739475
.008460683388739947
.008460683388739412
.008460683388739676
.008460683388739173
.008460683388739385
.008460683388739404
.00846068338873933
.008460683388738954
.00846068338873918
.008460683388739437
.008460683388739456
.008460683388739712
.008460683388739475
.008460683388739457
.008460683388739449
.008460683388739355
.008460683388739614
.008460683388739449
.008460683388739544
.008460683388739164
.008460683388739638
.008460683388739553
.008460683388715258
.008460683388715251
.008460683388715248
.008460683388715235
.008460683388715256
.008460683388715253
.00846068338871526
.008460683388715256
.008460683388715251
.008460683388715256
.008460683388715261
.00846068338871533
.00846068338871526
.008460683388715277
.008460683388715364
.008460683388715267
.008460683388715355
.008460683388715357
.008460683388715343
.00846068338871535
.00846068338871533
.008460683388715345
.00846068338871527
.008460683388715248
.008460683388715246
.008460683388715239
.00846068338871525
.008460683388715267
.008460683388715248
.008460683388715242
.00846068338871524
.008460683388715248
.008460683388715242
.008460683388715248
.008460683388715279
.00846068338871527
.008460683388715263
.008460683388715421
.008460683388715261
.008460683388715255
.008460683388715322
.008460683388715338
.008460683388715352
.00846068338871531
.008460683388715307
.008460683388715315
.008460683388715336
.008460683388715822
.008460683388715418
.008460683388715326
.008460683388715352
.008460683388715327
.008460683388715397
.008460683388715359
.008460683388715435
.008460683388715353
.008460683388715383
.008460683388715374
.008460683388715244
.008460683388715267
.008460683388715237
.00846068338871526
.008460683388715251
.008460683388715235
.008460683388715232
.008460683388715229
.008460683388715235
.008460683388715229
.008460683388715229
.008460683388715227
.008460683388715248
.008460683388715237
.008460683388715244
.008460683388715234
.00846068338871524
.008460683388715239
.0084606833887153
.008460683388715327
.008460683388715293
.008460683388715294
.008460683388715314
.008460683388715305
.00846068338871536
.008460683388715319
.008460683388715272
.008460683388715293
.008460683388715287
.00846068338871531
.0084606833887153
.008460683388715277
.0084606833887153
.00846068338871531
.008460683388715287
.008460683388715293
.008460683388715329
.008460683388715296
.008460683388715287
.008460683388715275
.008460683388715355
.008460683388715319
.00846068338871527
.008460683388715296
.008460683388715308
.008460683388715279
.008460683388715277
.008460683388715305
.008460683388715258
.008460683388715324
.008460683388715256
.008460683387991398
.00846068338799132
.008460683387991406
.008460683387991275
.008460683387991262
.008460683387991283
.008460683387991266
.008460683387991297
.00846068338799129
.008460683387991264
.008460683387991342
.008460683387991273
.008460683387991256
.008460683387991288
.008460683387991257
.008460683387991297
.008460683387991302
.008460683387991299
.008460683387991311
.008460683387991308
.008460683387991297
.008460683387991297
.008460683387991294
.008460683387991249
.008460683387991252
.008460683387991294
.008460683387991313
.008460683387991295
.008460683387991275
.008460683387991283
.008460683387991282
.008460683387991285
.008460683387991278
.008460683387991233
.008460683387991236
.008460683387991223
.008460683387991257
.008460683387991339
.008460683387991231
.008460683387991235
.008460683387991205
.00846068338799123
.00846068338799121
.0084606833879912
.008460683387991223
.008460683387991151
.008460683387991172
.008460683387991169
.0084606833887152
.0084606833887152
.008460683388715208
.008460683388715197
.008460683388715196
.008460683388715199
.008460683388715196
.0084606833887152
.008460683388715199
.008460683388715196
.008460683388715199
.0084606833887152
.008460683388715199
.008460683388715196
.008460683388715206
.008460683388715199
.008460683388715194
.008460683388715199
.008460683388715199
.008460683388715204
.008460683388715196
.008460683388715197
.008460683388715197
.008460683388715197
.008460683388715199
.008460683388715204
.008460683388715204
.008460683388715206
.008460683388715199
.008460683388715206
.008460683388715229
.00846068338871524
.008460683388715246
.008460683388715298
.008460683388715268
.008460683388715246
.008460683388960697
.008460683388960876
.008460683388960801
.008460683391261528
.008460683391261518
.008460683391261518
.008460683391261496
.008460683391261518
.008460683391261525
.008460683391261518
.008460683391261513
.008460683391261523
.008460683391261511
.00846068339126149
.008460683391261522
.008460683391261527
.008460683391261528
.00846068339126152
.008460683391261525
.008460683391261497
.008460683391261518
.008460683391261516
.008460683391261494
.0084606833912615
.008460683391261522
.008460683391261483
.008460683391261518
.0084606833912615
.008460683391261522
.00846068339126153
.008460683391261515
.008460683391261518
.008460683391261483
.008460683391261508
.008460683391261532
.00846068339126152
.00846068339126153
.008460683391261502
.008460683391261496
.008460683391261478
.008460683391261508
.0084606833912615
.00846068339126152
.008460683391261528
.008460683391261511
.008460683391261506
.008460683391261504
.008460683391261508
.00846068339126152
.00846068339126153
.008460683391261532
.008460683391261502
.008460683391261511
.00846068339126152
.008460683391261518
.008460683391261513
.008460683391261504
.008460683388960697
.008460683388960746
.00846068338896072
.00846068338871529
.008460683388715322
.00846068338871528
.008460683388715286
.008460683388715293
.00846068338871529
.008460683388715268
.008460683388715303
.00846068338871528
.008460683388715235
.008460683388715227
.008460683388715223
.008460683388715222
.00846068338871523
.008460683388715213
.008460683388715202
.00846068338871521
.008460683388715206
.008460683388715211
.008460683388715208
.008460683388715206
.008460683388715208
.008460683388715208
.008460683388715204
.00846068338871521
.0084606833887152
.008460683388715208
.00846068338871521
.008460683388715213
.008460683388715213
.008460683388715208
.00846068338871521
.008460683388715204
.008460683388715232
.008460683388715206
.008460683388715043
.00846068338871504
.008460683388715038
.008460683388715048
.00846068338871505
.008460683388715046
.008460683388715045
.008460683388715046
.008460683388715038
.00846068338871504
.008460683388715156
.00846068338871506
.008460683388715065
.008460683388715069
.008460683388715038
.008460683388715065
.008460683388715135
.008460683388715145
.008460683388715121
.008460683388715128
.008460683388715164
.008460683388715124
.008460683388715062
.008460683388715062
.008460683388715024
.008460683388715045
.008460683388715107
.008460683388715065
.008460683388715022
.008460683388715026
.008460683388715024
.008460683388715027
.008460683388715026
.008460683388715026
.008460683388715045
.00846068338871504
.008460683388715024
.008460683388715032
.008460683388715034
.008460683388715036
.008460683388715117
.008460683388715081
.008460683388715098
.008460683388715098
.0084606833887151
.008460683388715098
.008460683388715107
.008460683388715225
.00846068338871509
.008460683388715131
.00846068338871511
.0084606833887151
.008460683388715284
.008460683388715138
.008460683388715163
.008460683388715149
.008460683388715138
.008460683388715143
.008460683388715048
.008460683388715029
.008460683388715026
.008460683388715027
.008460683388715048
.00846068338871501
.008460683388715006
.008460683388715006
.008460683388715003
.008460683388715008
.008460683388715005
.008460683388715006
.008460683388715027
.008460683388715046
.008460683388715038
.008460683388715017
.008460683388715057
.008460683388715013
.008460683388715067
.008460683388715058
.008460683388715069
.00846068338871507
.008460683388715091
.008460683388715083
.008460683388715088
.008460683388715069
.008460683388715104
.008460683388715067
.008460683388715081
.008460683388715058
.008460683388715074
.008460683388715078
.008460683388715076
.008460683388715062
.008460683388715067
.00846068338871506
.00846068338871508
.008460683388715085
.008460683388715041
.00846068338871508
.008460683388715062
.00846068338871506
.008460683388715076
.008460683388715057
.008460683388715074
.008460683388715053
.008460683388715062
.008460683388715062
.008460683388715036
.008460683388715076
.008460683388715043
.00846068338799072
.00846068338799071
.008460683387990784
.008460683387990735
.008460683387990726
.008460683387990746
.008460683387990728
.008460683387990726
.00846068338799074
.008460683387990728
.008460683387990697
.008460683387990718
.008460683387990716
.008460683387990773
.008460683387990697
.00846068338799074
.008460683387990732
.008460683387990733
.008460683387990761
.008460683387990733
.008460683387990763
.008460683387990733
.008460683387990713
.008460683387990754
.008460683387990714
.008460683387990718
.008460683387990699
.008460683387990702
.008460683387990707
.008460683387990706
.008460683387990718
.008460683387990713
.008460683387990721
.008460683387990667
.008460683387990709
.008460683387990702
.008460683387990662
.008460683387990714
.00846068338799074
.008460683387990655
.008460683387990662
.008460683387990655
.00846068338799066
.008460683387990654
.008460683387990654
.008460683387990596
.008460683387990588
.00846068338799061
.008460683388714977
.008460683388714977
.008460683388714982
.008460683388714973
.008460683388714973
.008460683388714977
.008460683388714973
.008460683388714984
.008460683388714977
.008460683388714973
.008460683388714975
.008460683388714982
.008460683388714975
.008460683388714975
.008460683388714975
.008460683388714979
.008460683388714975
.008460683388714975
.008460683388714975
.008460683388714975
.008460683388714979
.008460683388714977
.008460683388714977
.008460683388714975
.008460683388714973
.008460683388714973
.008460683388714979
.008460683388714979
.008460683388714979
.008460683388714987
.008460683388714996
.008460683388715013
.008460683388715027
.00846068338871505
.008460683388715057
.008460683388715098
.008460683388960583
.008460683388960569
.00846068338896055
.00846068339126148
.008460683391261496
.00846068339126149
.008460683391261483
.008460683391261483
.008460683391261478
.008460683391261476
.008460683391261485
.00846068339126148
.008460683391261487
.008460683391261468
.008460683391261471
.008460683391261482
.008460683391261471
.008460683391261485
.008460683391261482
.008460683391261482
.008460683391261487
.008460683391261485
.00846068339126148
.00846068339126149
.00846068339126148
.008460683391261508
.008460683391261497
.008460683391261485
.008460683391261487
.008460683391261499
.00846068339126148
.008460683391261483
.008460683391261494
.008460683391261476
.008460683391261483
.008460683391261478
.008460683391261489
.008460683391261471
.008460683391261476
.008460683391261492
.008460683391261489
.008460683391261487
.008460683391261489
.008460683391261485
.008460683391261496
.00846068339126148
.008460683391261485
.008460683391261487
.00846068339126149
.008460683391261492
.008460683391261499
.008460683391261485
.008460683391261464
.008460683391261489
.008460683391261475
.008460683391261478
.008460683391261466
.008460683388960565
.008460683388960607
.00846068338896101
.008460683388715416
.008460683388715114
.008460683388715215
.00846068338871507
.00846068338871509
.008460683388715076
.008460683388715081
.00846068338871509
.008460683388715069
.008460683388715013
.008460683388714993
.008460683388714984
.008460683388715032
.008460683388714993
.008460683388715
.00846068338871498
.00846068338871498
.00846068338871498
.008460683388714979
.008460683388714984
.008460683388714979
.008460683388714982
.008460683388714987
.008460683388714982
.008460683388714989
.008460683388714982
.008460683388714996
.008460683388714993
.008460683388714987
.008460683388714989
.008460683388714994
.008460683388714986
.008460683388714989
.00846068338871501
.008460683388714996
.008460683388715013
.008460683388714994
.008460683388714998
.008460683388715
.008460683388715017
.008460683388715027
.008460683388715022
.008460683388715019
.008460683388715015
.008460683388715015
.008460683388715076
.008460683388715046
.008460683388715024
.008460683388715048
.008460683388715055
.00846068338871506
.008460683388715183
.008460683388715202
.008460683388715138
.008460683388715142
.008460683388715176
.008460683388715156
.008460683388715022
.008460683388715022
.008460683388715015
.008460683388715072
.008460683388715026
.008460683388715064
.008460683388715008
.008460683388715008
.008460683388715005
.008460683388715003
.008460683388715006
.008460683388715003
.008460683388715048
.00846068338871504
.008460683388715019
.008460683388715043
.00846068338871503
.008460683388715058
.008460683388715003
.008460683388715008
.008460683388715001
.008460683388715005
.008460683388715003
.008460683388715001
.008460683388715008
.008460683388715013
.008460683388715005
.008460683388715043
.008460683388715046
.008460683388715
.008460683388715131
.0084606833887151
.00846068338871511
.008460683388715065
.008460683388715109
.008460683388714998
.008460683388715019
.008460683388715003
.008460683388715012
.008460683388715022
.008460683388715005
.008460683388714987
.00846068338871499
.00846068338871499
.008460683388714986
.008460683388714989
.008460683388714982
.008460683388715006
.008460683388715013
.008460683388715017
.008460683388715003
.008460683388715012
.008460683388715005
.00846068338871513
.008460683388715088
.008460683388715095
.008460683388715069
.008460683388715091
.008460683388715116
.008460683388715093
.008460683391250461
.008460683388715032
.008460683388715005
.008460683388715067
.008460683388715069
.008460683388715024
.008460683388715095
.00846068338871509
.008460683388715104
.008460683388715117
.0084606833887151
.008460683388715097
.00846068338871508
.008460683388715076
.0084606833887151
.008460683388715091
.00846068338871514
.008460683388715095
.008460683388715097
.008460683388715091
.008460683388715067
.008460683388715078
.008460683388715102
.008460683388715104
.008460683388715076
.008460683388715074
.008460683388715093
.008460683387990907
.008460683387990824
.008460683387990853
.008460683387990843
.008460683387990832
.008460683387990808
.008460683387990818
.008460683387990863
.008460683387990813
.00846068338799073
.008460683387990744
.008460683387990749
.008460683387990733
.00846068338799073
.008460683387990746
.008460683387990704
.008460683387990707
.00846068338799074
.008460683387990688
.008460683387990707
.008460683387990699
.00846068338799069
.008460683387990704
.00846068338799071
.008460683387990754
.00846068338799071
.008460683387990737
.008460683387990673
.0084606833879907
.008460683387990688
.00846068338799067
.008460683387990673
.008460683387990673
.008460683387990636
.008460683387990643
.00846068338799071
.008460683387990657
.008460683387990631
.008460683387990624
.008460683387990624
.00846068338799062
.008460683387990619
.00846068338799063
.00846068338799062
.00846068338799062
.008460683387990553
.008460683387990582
.008460683387990688
.008460683388714967
.008460683388714965
.008460683388714968
.008460683388714961
.008460683388714963
.008460683388714963
.008460683388714961
.008460683388714961
.008460683388714963
.008460683388714965
.00846068338871496
.008460683388714961
.00846068338871497
.00846068338871496
.008460683388714961
.008460683388714961
.008460683388714963
.008460683388714961
.008460683388714961
.00846068338871496
.008460683388714961
.008460683388714961
.008460683388714963
.00846068338871496
.008460683388714967
.008460683388714963
.008460683388714961
.008460683388714968
.008460683388714967
.008460683388714973
.00846068338871498
.00846068338871501
.008460683388715012
.008460683388715123
.00846068338871532
.008460683388715091
.008460683388960598
.008460683388960553
.008460683388960541
.008460683391261476
.008460683391261475
.008460683391261464
.008460683391261478
.008460683391261494
.008460683391261471
.008460683391261473
.008460683391261485
.008460683391261487
.00846068339126148
.008460683391261476
.008460683391261489
.008460683391261473
.008460683391261485
.00846068339126148
.008460683391261473
.008460683391261476
.008460683391261499
.008460683391261463
.00846068339126148
.00846068339126148
.008460683391261483
.00846068339126147
.008460683391261485
.008460683391261485
.008460683391261483
.008460683391261482
.008460683391261483
.008460683391261487
.008460683391261492
.008460683391261485
.00846068339126148
.008460683391261475
.008460683391261475
.00846068339126148
.008460683391261489
.008460683391261473
.008460683391261494
.008460683391261497
.008460683391261471
.008460683391261489
.008460683391261485
.00846068339126147
.008460683391261487
.008460683391261473
.008460683391261482
.008460683391261468
.008460683391261487
.008460683391261487
.00846068339126148
.008460683391261475
.008460683391261449
.008460683391261475
.008460683391261489
.008460683388960577
.00846068338896086
.008460683388960588
.00846068338871509
.008460683391261246
.008460683391260885
.008460683388715053
.00846068338871508
.008460683388715055
.008460683388715043
.00846068338871506
.008460683388715064
.008460683388715117
.008460683388714989
.008460683388715005
.008460683388714993
.008460683388715053
.008460683388715006
.008460683388714973
.008460683388714975
.008460683388714977
.00846068338871498
.008460683388714979
.008460683388714975
.008460683388714979
.00846068338871498
.008460683388714977
.008460683388714975
.008460683388714977
.008460683388714979
.008460683388714977
.008460683388714986
.008460683388714984
.008460683388714989
.00846068338871499
.008460683388714986
.008460683388714993
.00846068338871498
.008460683388714998
.008460683388714996
.008460683388715017
.008460683388715005
.008460683388715029
.008460683388715019
.008460683388715024
.008460683388715015
.008460683388715024
.008460683388715026
.008460683388715121
.008460683388715026
.008460683388715017
.0084606833887151
.008460683388715069
.00846068338871503
.008460683388715123
.008460683388715173
.008460683388715154
.008460683388715204
.008460683388715149
.008460683388715126
.008460683388715065
.008460683388715026
.008460683388715076
.008460683388715026
.00846068338871504
.008460683388715022
.008460683388715013
.008460683388715006
.008460683388715003
.008460683388715003
.008460683388715006
.008460683388715013
.00846068338871504
.008460683388715062
.008460683388715053
.0084606833887151
.00846068338871502
.008460683388715034
.00846068338871501
.008460683388715012
.008460683388715006
.008460683388715012
.008460683388715008
.008460683388715005
.008460683388715038
.008460683388715032
.00846068338871505
.008460683388715006
.008460683388715261
.008460683388715088
.008460683388715097
.008460683388715088
.008460683388715105
.008460683388715085
.008460683388715102
.008460683388715027
.008460683388715024
.008460683388715017
.008460683388715008
.008460683388715055
.008460683388715008
.008460683388715003
.008460683388714994
.008460683388714994
.008460683388714998
.008460683388715
.008460683388714993
.008460683388715015
.008460683388715019
.008460683388715008
.00846068338871501
.008460683388715019
.008460683388715015
.008460683388715105
.00846068338871509
.008460683388715081
.008460683388715093
.008460683388715112
.008460683388715109
.00846068338871511
.008460683388715022
.008460683388715062
.00846068338871504
.008460683388715017
.008460683388715036
.008460683388715017
.00846068338871511
.008460683388715107
.008460683388715091
.008460683388715072
.008460683388715102
.00846068338871511
.008460683388715131
.008460683388715088
.008460683388715109
.008460683388715098
.00846068338871509
.008460683388715072
.00846068338871509
.008460683388715124
.008460683388715078
.008460683388715104
.008460683388715104
.00846068338871512
.008460683388715085
.008460683388715083
.00846068338871507
.008460683387990855
.008460683387990855
.00846068338799087
.008460683387990851
.008460683387990895
.008460683387990865
.00846068338799089
.00846068338799092
.008460683387990898
.00846068338799078
.008460683387990754
.00846068338799077
.00846068338799075
.008460683387990758
.008460683387990766
.00846068338799075
.008460683387990756
.008460683387990718
.00846068338799074
.00846068338799077
.008460683387990758
.008460683387990725
.008460683387990723
.00846068338799079
.008460683387990733
.008460683387990772
.008460683387990662
.00846068338799072
.008460683387990747
.008460683387990707
.00846068338799072
.008460683387990718
.008460683387990713
.00846068338799066
.008460683387990782
.00846068338799066
.008460683387990657
.008460683387990685
.008460683387990652
.008460683387990655
.008460683387990655
.008460683387990657
.00846068338799066
.008460683387990643
.00846068338799065
.00846068338799059
.008460683387990588
.008460683387990608
.008460683388714977
.008460683388715005
.008460683388714993
.008460683388714975
.008460683388714977
.008460683388714977
.008460683388714977
.008460683388714975
.008460683388714977
.008460683388714972
.008460683388714973
.008460683388714977
.008460683388714977
.008460683388714979
.008460683388714979
.008460683388714977
.008460683388714977
.008460683388714979
.008460683388714977
.008460683388714975
.008460683388714977
.008460683388714975
.008460683388714977
.008460683388714973
.00846068338871498
.008460683388714984
.008460683388714984
.00846068338871498
.008460683388714982
.008460683388714984
.008460683388715015
.008460683388715015
.008460683388715022
.008460683388715097
.008460683388715333
.008460683388715104
.008460683388960662
.008460683388960567
.008460683388960543
.008460683391261492
.00846068339126149
.008460683391261487
.008460683391261489
.008460683391261478
.008460683391261485
.008460683391261492
.008460683391261483
.008460683391261487
.008460683391261487
.008460683391261499
.008460683391261485
.008460683391261475
.008460683391261471
.008460683391261494
.008460683391261492
.00846068339126149
.008460683391261485
.008460683391261483
.00846068339126149
.008460683391261485
.008460683391261492
.008460683391261478
.008460683391261487
.008460683391261482
.00846068339126149
.0084606833912615
.00846068339126149
.008460683391261475
.008460683391261496
.008460683391261496
.008460683391261482
.008460683391261485
.008460683391261502
.008460683391261496
.00846068339126149
.008460683391261487
.008460683391261485
.008460683391261468
.00846068339126148
.00846068339126148
.008460683391261499
.008460683391261483
.008460683391261489
.008460683391261497
.00846068339126149
.008460683391261482
.008460683391261485
.008460683391261487
.008460683391261475
.008460683391261485
.008460683391261494
.008460683391261485
.008460683391261475
.008460683388960867
.008460683388960916
.008460683388961011
.00846068338871524
.008460683388715484
.00846068338871531
.008460683388715121
.008460683388715109
.00846068338871511
.008460683388715107
.008460683388715124
.00846068338871511
.00846068338871504
.008460683388715034
.008460683388715026
.008460683388715029
.008460683388715043
.008460683388715043
.008460683388715017
.00846068338871502
.00846068338871502
.008460683388715017
.008460683388715017
.00846068338871502
.008460683388715017
.00846068338871502
.00846068338871502
.008460683388715027
.008460683388715024
.00846068338871502
.008460683388715027
.008460683388715022
.008460683388715026
.008460683388715026
.008460683388715024
.008460683388715024
.008460683388715043
.008460683388715048
.008460683388715062
.008460683388715038
.008460683388715046
.00846068338871503
.00846068338871505
.008460683388715064
.00846068338871506
.008460683388715064
.008460683388715052
.008460683388715058
.008460683388715175
.008460683388715104
.008460683388715055
.008460683388715074
.00846068338871508
.00846068338871507
.008460683388715196
.008460683388715178
.008460683388715229
.00846068338871516
.008460683388715199
.00846068338871519
.008460683388715074
.008460683388715107
.00846068338871508
.008460683388715088
.008460683388715067
.008460683388715105
.008460683388715048
.008460683388715048
.008460683388715045
.008460683388715043
.008460683388715052
.008460683388715046
.008460683388715104
.008460683388715074
.008460683388715057
.008460683388715109
.008460683388715062
.008460683388715091
.00846068338871505
.008460683388715045
.008460683388715046
.008460683388715048
.00846068338871504
.008460683388715046
.008460683388715067
.008460683388715065
.00846068338871508
.008460683388715088
.008460683388715104
.008460683388715083
.00846068338871515
.008460683388715138
.00846068338871513
.008460683388715126
.00846068338871511
.008460683388715045
.008460683388715058
.008460683388715052
.00846068338871506
.008460683388715072
.008460683388715062
.008460683388715034
.008460683388715032
.008460683388715038
.00846068338871503
.008460683388715029
.008460683388715034
.008460683388715053
.008460683388715105
.008460683388715034
.008460683388715045
.008460683388715078
.008460683388715062
.008460683388715131
.008460683388715159
.008460683388715126
.008460683388715123
.008460683388715149
.00846068338871514
.008460683388715143
.008460683388715069
.008460683388715057
.008460683388715078
.008460683388715076
.00846068338871506
.008460683388715081
.008460683388715142
.008460683388715133
.008460683388715126
.008460683388715126
.00846068338871512
.008460683388715131
.008460683388715138
.008460683388715128
.008460683388715126
.008460683388715123
.00846068338871513
.008460683388715128
.008460683388715147
.008460683388715137
.008460683388715133
.00846068338871511
.00846068338871513
.00846068338871513
.00846068338871512
.008460683388715126
.008460683388715123
.008460683387990935
.008460683387990964
.008460683387990952
.008460683387990935
.008460683387990981
.008460683387991007
.008460683387991039
.008460683387990943
.008460683387990978
.008460683387990846
.008460683387990844
.008460683387990858
.008460683387990853
.00846068338799086
.008460683387990832
.008460683387990848
.008460683387990848
.008460683387990824
.008460683387990825
.00846068338799082
.008460683387990815
.008460683387990879
.008460683387990858
.008460683387990805
.00846068338799079
.008460683387990836
.008460683387990817
.008460683387990834
.00846068338799083
.0084606833879908
.008460683387990837
.008460683387990785
.008460683387990806
.008460683387990747
.008460683387990772
.00846068338799076
.008460683387990846
.00846068338799078
.008460683387990758
.008460683387990749
.00846068338799074
.00846068338799075
.00846068338799075
.008460683387990754
.008460683387990754
.008460683387990673
.00846068338799069
.008460683387990681
.008460683388715015
.008460683388715012
.008460683388715017
.00846068338871501
.00846068338871501
.00846068338871501
.008460683388715012
.008460683388715012
.00846068338871501
.008460683388715015
.008460683388715012
.008460683388715013
.008460683388715012
.008460683388715019
.008460683388715012
.008460683388715012
.008460683388715012
.008460683388715012
.008460683388715012
.00846068338871501
.00846068338871501
.008460683388715019
.008460683388715012
.008460683388715015
.008460683388715015
.00846068338871501
.008460683388715013
.008460683388715017
.008460683388715019
.008460683388715032
.00846068338871503
.008460683388715058
.008460683388715064
.008460683388715105
.008460683388715102
.008460683388715143
.008460683388960635
.008460683388960649
.008460683388960707
.008460683391261485
.008460683391261483
.008460683391261483
.008460683391261485
.008460683391261483
.008460683391261492
.008460683391261487
.008460683391261485
.008460683391261489
.00846068339126147
.008460683391261485
.008460683391261485
.008460683391261487
.008460683391261492
.008460683391261487
.008460683391261499
.008460683391261506
.00846068339126149
.008460683391261489
.008460683391261494
.0084606833912615
.008460683391261492
.008460683391261483
.008460683391261497
.008460683391261499
.008460683391261492
.008460683391261511
.008460683391261483
.008460683391261504
.008460683391261497
.008460683391261489
.008460683391261485
.008460683391261487
.008460683391261492
.008460683391261492
.008460683391261487
.008460683391261497
.00846068339126148
.008460683391261476
.008460683391261492
.008460683391261478
.008460683391261506
.008460683391261492
.008460683391261499
.008460683391261516
.008460683391261502
.008460683391261487
.00846068339126149
.008460683391261492
.00846068339126149
.008460683391261487
.008460683391261489
.008460683391261473
.008460683391261508
.008460683391261343
.008460683388960773
.00846068339126125
.008460683388715428
.008460683388715261
.008460683388715138
.00846068338871514
.008460683388715142
.008460683388715126
.008460683388715137
.008460683388715138
.008460683388715135
.008460683388715053
.008460683388715093
.008460683388715052
.008460683388715064
.008460683388715086
.008460683388715067
.008460683388715045
.008460683388715045
.008460683388715046
.008460683388715048
.008460683388715048
.008460683388715048
.008460683388715058
.008460683388715057
.008460683388715058
.008460683388715052
.008460683388715043
.008460683388715046
.008460683388715058
.008460683388715052
.008460683388715048
.008460683388715052
.008460683388715052
.008460683388715053
.008460683388715076
.008460683388715057
.008460683388715062
.00846068338871509
.008460683388715062
.008460683388715076
.008460683388715086
.008460683388715081
.00846068338871509
.008460683388715085
.008460683388715083
.008460683388715085
.008460683388715128
.008460683388715163
.008460683388715126
.008460683388715072
.008460683388715143
.008460683388715105
.008460683388715218
.00846068338871521
.008460683388715211
.008460683388715218
.008460683388715229
.008460683388715225
.008460683388715081
.00846068338871511
.008460683388715088
.00846068338871509
.008460683388715124
.008460683388715102
.008460683388715072
.008460683388715074
.008460683388715078
.008460683388715074
.008460683388715076
.00846068338871508
.008460683388715097
.008460683388715078
.008460683388715135
.00846068338871513
.008460683388715097
.008460683388715104
.008460683388715081
.00846068338871508
.008460683388715076
.008460683388715076
.008460683388715078
.008460683388715076
.00846068338871513
.008460683388715112
.008460683388715072
.008460683388715097
.008460683388715078
.008460683388715097
.008460683388715194
.008460683388715143
.008460683388715163
.008460683388715183
.00846068338871517
.00846068338871508
.008460683388715072
.008460683388715085
.008460683388715076
.008460683388715093
.008460683388715088
.008460683388715064
.008460683388715065
.008460683388715062
.008460683388715064
.008460683388715058
.00846068338871506
.008460683388715078
.00846068338871507
.00846068338871507
.008460683388715107
.00846068338871508
.008460683388715083
.008460683388715182
.008460683388715171
.008460683388715157
.00846068338871516
.00846068338871516
.008460683388715145
.008460683388715149
.008460683388715098
.008460683388715131
.008460683388715133
.008460683388715097
.008460683388715138
.008460683388715126
.008460683388715157
.008460683388715163
.008460683388715156
.00846068338871519
.00846068338871516
.008460683388715189
.008460683388715187
.00846068338871517
.008460683388715166
.008460683388715196
.008460683388715157
.008460683388715166
.008460683388715163
.008460683388715154
.008460683388715159
.008460683388715159
.008460683388715154
.008460683388715163
.00846068338871515
.008460683388715157
.008460683388715175
.008460683387991065
.008460683387991039
.00846068338799102
.00846068338799108
.008460683387991032
.008460683387991039
.008460683387991096
.00846068338799103
.00846068338799112
.00846068338799096
.008460683387990943
.008460683387990942
.008460683387990945
.008460683387990924
.008460683387990936
.008460683387990909
.00846068338799095
.00846068338799091
.008460683387990919
.008460683387990895
.008460683387990888
.00846068338799093
.008460683387991011
.008460683387990902
.008460683387990902
.008460683387990896
.008460683387990886
.008460683387990884
.008460683387990895
.008460683387990874
.008460683387990884
.008460683387990858
.008460683387990883
.008460683387990855
.008460683387990862
.008460683387990827
.00846068338799083
.008460683387990829
.008460683387990846
.008460683387990829
.008460683387990829
.008460683387990834
.008460683387990827
.008460683387990822
.00846068338799083
.008460683387990752
.008460683387990758
.008460683387990805
.008460683388715043
.00846068338871505
.00846068338871505
.008460683388715043
.008460683388715043
.008460683388715041
.00846068338871504
.008460683388715043
.008460683388715043
.008460683388715038
.00846068338871504
.008460683388715045
.008460683388715041
.008460683388715041
.008460683388715043
.008460683388715046
.008460683388715041
.008460683388715045
.008460683388715041
.008460683388715043
.008460683388715043
.008460683388715046
.00846068338871505
.00846068338871504
.008460683388715043
.008460683388715046
.008460683388715046
.008460683388715048
.00846068338871505
.008460683388715062
.008460683388715057
.008460683388715085
.008460683388715091
.008460683388715326
.00846068338871517
.008460683388715176
.008460683388960603
.008460683388960626
.00846068338896068
.008460683391261513
.008460683391261494
.008460683391261502
.008460683391261499
.008460683391261499
.008460683391261473
.008460683391261504
.008460683391261497
.008460683391261492
.008460683391261492
.008460683391261489
.008460683391261502
.008460683391261508
.0084606833912615
.008460683391261499
.008460683391261494
.0084606833912615
.00846068339126149
.00846068339126151
.008460683391261511
.00846068339126149
.008460683391261499
.008460683391261502
.008460683391261496
.008460683391261492
.008460683391261492
.00846068339126151
.008460683391261489
.008460683391261499
.008460683391261502
.008460683391261511
.008460683391261499
.008460683391261502
.008460683391261492
.008460683391261504
.008460683391261497
.008460683391261499
.008460683391261497
.008460683391261482
.0084606833912615
.008460683391261502
.008460683391261482
.0084606833912615
.008460683391261499
.008460683391261515
.008460683391261508
.008460683391261502
.00846068339126149
.008460683391261485
.00846068339126151
.008460683391261508
.00846068339126152
.008460683391261516
.008460683391261506
.008460683388960881
.008460683388960699
.008460683388960673
.008460683388715383
.008460683388715605
.008460683388715176
.008460683388715166
.008460683388715182
.008460683388715176
.008460683388715163
.008460683388715175
.008460683388715178
.008460683388715093
.008460683388715091
.00846068338871509
.00846068338871515
.008460683388715104
.008460683388715124
.008460683388715078
.008460683388715081
.008460683388715072
.008460683388715078
.008460683388715078
.008460683388715076
.008460683388715083
.00846068338871508
.008460683388715078
.008460683388715083
.008460683388715083
.008460683388715088
.008460683388715078
.008460683388715081
.008460683388715081
.008460683388715083
.008460683388715081
.008460683388715078
.008460683388715078
.008460683388715093
.008460683388702643
.00846068338870245
.00846068338870258
.00846068338870249
.008460683388702657
.008460683388702496
.008460683388702544
.00846068338870253
.008460683388702475
.008460683388702506
.008460683388702593
.008460683388702706
.00846068338870234
.008460683388702326
.008460683388702608
.008460683388702518
.008460683388702685
.008460683388702504
.008460683388702577
.008460683388702525
.00846068338870241
.008460683388702425
.008460683388702556
.008460683388702409
.008460683388702404
.008460683388702215
.008460683388702327
.008460683388702253
.008460683388702338
.008460683388702244
.008460683388702449
.008460683388702228
.008460683388702319
.008460683388702431
.008460683388702284
.008460683388702117
.008460683388702286
.008460683388702237
.008460683388702176
.008460683388702258
.008460683388702152
.008460683388702267
.00846068338870206
.008460683388702275
.00846068338870221
.008460683388702107
.008460683388702315
.008460683388702173
.008460683388702395
.008460683388702057
.00846068338870207
.008460683388702116
.008460683388702267
.008460683388702256
.008460683388702206
.008460683388702124
.008460683388702268
.008460683388702104
.008460683388702105
.008460683388701932
.008460683388702237
.008460683388702017
.008460683388701856
.008460683388702052
.00846068338870203
.008460683388701937
.008460683388701975
.00846068338870198
.008460683388701944
.008460683388701849
.008460683388701954
.008460683388701932
.008460683388701894
.00846068338870188
.008460683388701793
.00846068338870218
.008460683388702117
.008460683388702017
.008460683388702137
.008460683388702064
.008460683388702211
.008460683388702312
.008460683388701994
.008460683388702076
.008460683388701958
.008460683388702093
.008460683391214337
.008460683388702154
.00846068338870235
.008460683388702327
.0084606833887024
.00846068338870232
.008460683388702307
.008460683388702263
.008460683388702189
.008460683388702147
.008460683388702202
.008460683388702312
.008460683388702381
.00846068338870251
.008460683388702341
.008460683388702232
.008460683388702477
.008460683388702235
.008460683388702468
.008460683388702425
.00846068338870246
.008460683388702242
.008460683388702442
.008460683387988274
.008460683387988334
.008460683387988287
.008460683387988242
.008460683387988287
.008460683387988294
.008460683387988261
.008460683387988228
.00846068338798823
.008460683387988142
.008460683387988182
.008460683387988187
.00846068338798813
.008460683387988124
.008460683387988194
.008460683387988166
.008460683387988131
.008460683387988187
.008460683387988128
.008460683387988124
.008460683387988138
.008460683387988095
.008460683387988104
.008460683387988142
.008460683387988143
.008460683387988164
.008460683387988131
.008460683387988131
.008460683387988145
.008460683387988097
.008460683387988124
.008460683387988088
.008460683387988128
.008460683387988088
.008460683387988074
.008460683387988105
.008460683387988109
.008460683387988069
.008460683387988145
.008460683387988091
.008460683387988067
.008460683387988053
.008460683387988053
.008460683387988017
.00846068338798805
.008460683387988083
.008460683387987979
.008460683387988045
.008460683388702215
.008460683388702307
.008460683388700749
.00846068338870241
.008460683388702393
.008460683388702308
.008460683388702393
.008460683388702506
.008460683388702315
.008460683388702418
.008460683388702511
.008460683388702407
.008460683388702268
.00846068338870238
.008460683388702378
.008460683388702341
.008460683388702414
.00846068338870221
.008460683388702312
.008460683388702294
.00846068338870252
.008460683388702182
.008460683388702383
.00846068338870228
.008460683388702239
.008460683388702437
.008460683388702246
.008460683388702307
.008460683388702438
.008460683388702334
.00846068338870231
.008460683388702412
.008460683388702431
.008460683388702504
.008460683388702579
.008460683388702338
