.0065762685901571034
.006576268636499664
.006576268763284886
.006576268771764108
.006576268773047842
.006576268770457789
.006576268775585651
.006576268779315309
.006576268791140339
.0065762687903181535
.006576268793711177
.006576268784343405
.006576268786285173
.006576268786543239
.006576268771007148
.006576268765330288
.006576268793897689
.006576268786180861
.006576268765368281
.0065762687619922945
.006576268808771037
.006576268794945706
.006576268767714561
.006576268781715819
.006576268776174133
.006576268793595907
.006576268763887528
.00657626878916064
.0065762687673097805
.0065762687909495555
.0065762687990961344
.006576268772320998
.00657626878591462
.006576268795722589
.006576268774696372
.006576268786194382
.006576268774368774
.00657626878074642
.0065762688011275295
.006576268779035082
.006576268785168488
.0065762687800861456
.006576268802648563
.00657626878982773
.006576268794168556
.006576268769697777
.006576268778425482
.008124282933505029
.008124274526323435
.008124285537710236
.008124290200875217
.00812427976398769
.008124293276873664
.008124289450493757
.008124286506902932
.008124285992754358
.008124280277350114
.008124213657615318
.008124213627013469
.008124213672373279
.008124211992323037
.008124211896906448
.008124211941457807
.008124211800500958
.008124211957926125
.008124212122850479
.008124211865671395
.008124211861048896
.008124211932233673
.008124211934123321
.008124211893481606
.00812421174849687
.00812421244348428
.008124212030857574
.008124211793585296
.008124211905492802
.008124211680725654
.008124211770072824
.008124211780459169
.008124211747458735
.008124211579045923
.008124211686928343
.008124211793793626
.008124211796193853
.008124211924391481
.008124211815378694
.008124211804865333
.008124211794497254
.00812421175556451
.008124211876502994
.008124211801849133
.008124211845559887
.008124211672940834
.008124211879534712
.008124211836863987
.008124206527924224
.008124206532982388
.008124206532169595
.008124206532494313
.008124206524872914
.008124206533331816
.008124206532794949
.008124206540113595
.008124206558919489
.0081242065324831
.008124206532484067
.008124206532875954
.008124206532497645
.008124206532814504
.008124206532347612
.008124206532650282
.008124206537764073
.008124206532492037
.008124206533880978
.008124206547166099
.008124206534603278
.008124206537590654
.00812420652991583
.008124206532567596
.008124206532211074
.008124206535227132
.008124206533698065
.008124206532622994
.008124206522509864
.008124206533540998
.008124206532197921
.008124206532679068
.008124206534034529
.008124206534988281
.008124206547229841
.008124206526498085
.008124206529188755
.00812420653290655
.008124206532561145
.008124206531839158
.008124206532426568
.008124206533300093
.008124206529170199
.008124206532496937
.008124206532612564
.00812420653190284
.008124206533944836
.00812420652911729
.008124206530754826
.008124206533581901
.008124206532357047
.008124206532522833
.008124206532549859
.008124206532891443
.008124206531576427
.008124206532495737
.008124206533090213
.008124206494646279
.008124206220509083
.00812420653526368
.008124206529450772
.008124206539017038
.008124206533195096
.008124206532114365
.008124206533387855
.008124206531834762
.00812420653300322
.008124206532672122
.008124206532462645
.008124206532500212
.008124206534369655
.008124206532307167
.008124206517664986
.008124206532544347
.008124206552775941
.008124206532521534
.008124206528991512
.008124206530067865
.008124206542212525
.008124206535914454
.00812420652864363
.008124206532518958
.008124206532732514
.008124206532750259
.008124206527071964
.008124206527967835
.00812420653987585
.008124206532326816
.00812420653247315
.008124206536550315
.008124206532617959
.008124206531200046
.00812420653376486
.0081242065327852
.008124206533515654
.008124206492575363
.008124206533368459
.008124206533544351
.008124206529704551
.00812420653549998
.008124206530531265
.008124206532792149
.008124206522497361
.008124206533269318
.008124206534559154
.008124206532338264
.008124206522148673
.008124206532760685
.008124206536161692
.008124205253442266
.008124205246084083
.008124205254717312
.008124205066586211
.00812420525213412
.008124205252443846
.008124205251026646
.008124205252150652
.00812420525251452
.0081242052471037
.008124205251168729
.008124205252394604
.008124205251895406
.008124205252169276
.008124205252124327
.008124205250579934
.008124205252287147
.008124205242339226
.008124205252179086
.008124205252202405
.008124205252024005
.008124205251369754
.008124205262516514
.008124205253747832
.008124205252170674
.008124205252276962
.008124205239965496
.008124205251442163
.008124205250323657
.008124205252213731
.008124205247213218
.008124205175839205
.008124205253412353
.008124205252263081
.008124205267927129
.008124204898067606
.008124205251015834
.008124205251167025
.008124205246161071
.008124205252401063
.008124205252178553
.008124205252348108
.008124205251715364
.008124205252240961
.008124205252592578
.008124205252657115
.008124205236903628
.00812420525839862
.00812420653249066
.008124206533457058
.008124206625419175
.008124206523355637
.008124206532985965
.008124206532498101
.00812420653654951
.008124206532718075
.008124206534198644
.008124206532618205
.00812420652711775
.008124206532040714
.008124206521268787
.008124206534051654
.008124206532538324
.008124206532275196
.008124206532478754
.00812420653129214
.0081242065326969
.008124206533602638
.008124206533148496
.008124206530943449
.008124206533226012
.008124206532595908
.008124206532644923
.008124206534081049
.008124206532849426
.008124206529025672
.008124206422120831
.008124206532042195
.00812420653388317
.00812420653253298
.008124206566791439
.008124206533242112
.008124206537284863
.008124206474880533
.008124206864475717
.008124206867327288
.008124206865153007
.008124209654135671
.008124209656037393
.008124209654120813
.008124209654187461
.008124209654267847
.008124209654121639
.008124209656031079
.008124209659568846
.008124209654257614
.008124209654103364
.008124209654075936
.008124209656152162
.008124209654262431
.00812420965422077
.008124209656033743
.00812420965412929
.008124209656017886
.00812420965781788
.008124209659064288
.00812420965407461
.008124209655913567
.008124209654132599
.008124209654088617
.008124209654275023
.008124209654083373
.008124209654134186
.0081242096541291
.008124209656031042
.008124209654124335
.00812420965620134
.008124209656285086
.008124209659663628
.008124209654133943
.008124209654129145
.008124209656027514
.00812420965409035
.008124209656001644
.008124209654097617
.00812420965413765
.008124209654121042
.008124209658588233
.00812420965590926
.008124209657391284
.008124209654148203
.008124209654097471
.00812420965412512
.008124209655787855
.00812420965413725
.008124209654136969
.008124209659048946
.008124209658081165
.008124209654285296
.008124209654113503
.008124209656114425
.008124206867206362
.00812420686590399
.008124206865370262
.00812420653261119
.00812420653642634
.008124206532668111
.0081242065328096
.008124206533154413
.008124206532473458
.008124206532518831
.008124206532551952
.008124206532501618
.008124206533471562
.008124206532722153
.008124206532562286
.008124206533403604
.008124206526897985
.008124206531537252
.008124206543203727
.008124206532049769
.00812420653246121
.008124206531642532
.008124206540062276
.008124206530317157
.00812420599353822
.00812420553588243
.008124206533015472
.008124206525033066
.008124206534384754
.008124206525329535
.008124206532811065
.008124206532485505
.008124206534234447
.00812420653315635
.008124206523033892
.008124206532438616
.00812420653171676
.00812420653269109
.008124206531660565
.00812420653257459
.008124206532462557
.008124206532645499
.008124206542731516
.008124206532490318
.008124206535382527
.008124206479140242
.008124206536045184
.008124206540162847
.008124206532049906
.008124206532441405
.008124206531976345
.008124206506979516
.00812420652984961
.008124206533242428
.00812420653244882
.008124206532614694
.008124206533106363
.00812420653311591
.008124206532478811
.008124206534758304
.008124206530000087
.008124206532440358
.008124206532652124
.00812420653249015
.008124206534810956
.00812420653630041
.00812420653226384
.008124206532539995
.008124206533661445
.008124206527576448
.00812420651964379
.008124206534431131
.008124206530109295
.008124206522313234
.008124206533882555
.008124206531010385
.008124206532355807
.00812420649951741
.008124206540549772
.008124206575049335
.008124206533226716
.008124206532554171
.008124206532401998
.008124206533560756
.008124206532173028
.008124206532224952
.008124206541153091
.008124206532467268
.00812420653266293
.008124206532715908
.008124206533936395
.00812420653233641
.008124206524314663
.0081242065329044
.008124206533788978
.008124206527017562
.008124206525748958
.008124206530257442
.00812420653237577
.00812420653327213
.008124206532584161
.008124206532496445
.008124206533443598
.008124206532062831
.00812420629568472
.008124206532514933
.008124206532483419
.008124206533643067
.008124206532473342
.008124206533977822
.008124206532641428
.008124206532427609
.008124206532425616
.008124206528968024
.008124206536109862
.008124206528131407
.008124206532832766
.008124206532859753
.008124206532487082
.008124206529434568
.008124206533581743
.008124206533516184
.008124206529600705
.008124206533231223
.008124206532509223
.008124206533304344
.008124206539344325
.008124206533240065
.008124206533018433
.008124206534666941
.008124206532105925
.008124206533283497
.008124206276439335
.00812420653517742
.008124206532887887
.008124206531486168
.008124206533849864
.008124206532457896
.008124206532934218
.008124206533477287
.008124206537828088
.008124206537833106
.008124206538311545
.00812420652927516
.008124206540936745
.008124206533092754
.008124206534785105
.00812420525221008
.008124205251714423
.008124205252497055
.008124205251759234
.008124205203000853
.008124205258945486
.00812420525363878
.00812420525246835
.008124205250299653
.00812420525399141
.008124205237815109
.00812420526743049
.008124205253515053
.008124205252719003
.008124205254916332
.008124205251853577
.008124205251762853
.008124205251238012
.008124205260322528
.008124205251659074
.008124205238692407
.008124205250455433
.00812420525257119
.008124205252696524
.008124205251830415
.008124205252185917
.008124205252115446
.008124205251673022
.008124205292635649
.008124205222484209
.00812420525544822
.008124205252845938
.008124205248610367
.00812420525250528
.008124205230698636
.008124205251972527
.008124205246732212
.008124205252161768
.008124205255766442
.008124205252301453
.00812420525213983
.008124205246879592
.00812420523409261
.008124205247701216
.008124205251263035
.008124205250588578
.008124205252632605
.008124205251991133
.008124206532970486
.008124206472261529
.00812420653241447
.008124206527908375
.008124206534463925
.008124206532687101
.008124206521316691
.00812420653281353
.008124206532394868
.008124206533313257
.008124206530263047
.008124206532576287
.008124206537937679
.008124206558325252
.008124206532415261
.008124206531831072
.008124206532248409
.008124206532522845
.008124206533451389
.008124206532643593
.0081242065235904
.00812420652301088
.008124206496872349
.008124206532544765
.008124206528929862
.00812420653270771
.008124206537201025
.008124206532571922
.008124206532404008
.008124206532569005
.008124206532722892
.008124206532313582
.008124206531478927
.008124206534754095
.00812420653248767
.008124206534337873
.008124206862637899
.008124206865399986
.008124206870331352
.006576278450411053
.006576278450350436
.006576278450385918
.006576278450405827
.006576278450411483
.006576278450416469
.006576278450417243
.006576278450409473
.006576278450413138
.0065762784503908605
.006576278450425174
.006576278450409354
.006576278450389669
.006576278450403056
.006576278450410976
.006576278450406758
.006576278450392278
.006576278450384323
.006576278450394845
.006576278450397578
.006576278450382596
.006576278450412384
.00657627845018194
.006576278450357784
.00657627845040453
.006576278450387244
.006576278450328205
.006576278450419324
.006576278450403769
.006576278450352422
.00657627845040518
.006576278450432421
.006576278450415698
.006576278450395445
.006576278450426908
.006576278450423136
.006576278450386572
.0065762784503801235
.006576278450385997
.006576278450409621
.006576278450399843
.006576278450361198
.00657627845041907
.00657627845040857
.006576278450374151
.006576278450381366
.0065762784503613685
.006576278450332011
.006576278450396422
.006576278450421843
.006576278450368776
.006576278450412255
.006576278450407288
.006576278450431494
.008124206873664913
.008124206864366866
.008124206873509359
.008124206535478318
.008124206532508615
.008124206532600563
.008124206532734251
.008124206532367161
.00812420653479573
.008124206402215624
.008124206532545506
.00812420653274276
.008124206536275371
.008124206532744323
.008124206539772104
.008124206533708178
.008124206532553817
.008124206532513637
.008124206538056069
.00812420653427895
.008124206529543314
.008124206534981991
.008124206533040513
.008124206531922485
.008124206595666712
.008124206539301097
.008124206533144428
.008124206564405425
.008124206536281027
.008124206523233691
.008124206535549345
.00812420654649745
.008124206532778398
.008124206532569116
.008124206530663848
.008124206532466429
.00812420653261493
.008124206532525532
.008124206531781251
.008124206532661932
.008124206539025644
.00812420653630979
.00812420653252247
.008124206532042896
.008124206532443248
.008124206533344528
.008124206531875663
.008124206533017764
.008124206532396174
.008124206532561996
.008124206532486529
.008124206549858116
.008124206532580428
.008124206532709632
.008124206532803801
.008124206530049484
.008124206527445374
.008124206531876954
.00812420653289319
.008124206532617128
.008124206532660563
.008124206533027376
.008124206534100873
.008124206532497756
.008124206532479935
.008124206533421004
.008124206534223077
.008124206527993266
.008124206532079587
.008124206532247427
.008124206532315282
.008124206533767343
.008124206532600368
.008124206544205642
.008124206533576038
.00812420653245583
.008124206528945885
.008124206516299227
.008124206532503122
.008124206532849386
.008124206534656401
.008124206532585875
.008124206535174951
.008124206532138389
.008124206533745909
.008124206532465409
.00812420654933202
.008124206541103499
.008124206532742692
.008124206532514095
.00812420652898955
.00812420652322748
.008124206532606888
.008124206532893887
.008124206535166883
.00812420653250407
.008124206534230884
.008124206537052639
.008124206532440342
.008124206532206859
.008124206532146398
.008124206537100522
.008124206533167418
.008124206401207675
.008124206533065075
.008124206533694358
.008124206552352456
.008124206527188042
.008124206533493586
.008124206532574766
.008124206533791962
.008124206533363735
.00812420653331552
.008124206532000319
.008124206532600297
.008124206517196194
.00812420653233704
.008124206529351401
.008124206530512266
.008124206532737873
.008124209644675017
.008124206533252007
.008124206530796959
.008124206534039342
.00812420653200484
.008124206531873387
.008124206533041725
.008124206526551544
.008124206531379968
.008124206532485342
.00812420653120862
.008124206531175713
.00812420653402513
.008124206536035208
.00812420653156034
.008124206532947159
.008124206533985401
.008124206532540005
.008124206529826063
.00812420653249037
.008124206536471574
.008124206532493117
.008124206530101465
.008124206532891502
.00812420653370351
.008124206533665428
.008124206532494828
.008124205249887877
.008124205253754332
.008124205252283695
.008124205252311856
.008124205272822016
.008124205252175389
.008124205256807899
.008124205087668257
.008124205243263957
.008124205251431826
.008124205246098224
.008124205254101149
.00812420524884376
.008124205244788078
.008124205254305402
.008124205249897026
.008124205252402908
.008124205250726423
.008124205251838053
.008124205252223956
.008124205248729623
.008124205253295115
.008124205252771667
.008124205256094868
.008124205251831617
.00812420521323304
.008124205250535458
.008124205243149291
.008124205230258499
.008124205252829489
.00812420525197645
.008124205252259523
.00812420525260405
.008124205258177166
.008124205252641967
.008124205252144554
.008124205219005903
.008124205252243066
.008124205248854068
.00812420525197997
.008124205252028427
.00812420525211768
.008124205246436788
.008124205252819695
.008124205252088498
.00812420525330473
.008124205017998515
.008124205252654618
.008124206532454544
.00812420653277083
.008124206532275045
.008124206532553331
.008124206529366178
.008124206532452948
.008124206533909084
.008124206532431797
.008124206532550665
.0081242065325081
.00812420653248456
.008124206532677454
.008124206530672763
.008124206534606573
.008124206533544762
.008124206532695483
.008124206534867189
.008124206533482711
.00812420653375862
.008124206534531324
.008124206532162642
.008124206532889635
.008124206537639782
.008124206532405235
.008124206530490669
.0081242065245474
.008124206508171269
.008124206532451706
.008124206532958842
.008124206533297538
.008124206532485502
.008124206528141187
.008124206532222315
.008124206531973217
.008124206527887444
.008124206534931403
.00812420686857893
.00812420686417542
.008124206867389652
.006576278450392606
.006576278450381364
.006576278450408178
.006576278450387233
.006576278450334053
.006576278450401262
.006576278450403469
.006576278450400892
.0065762784503739105
.006576278450372389
.006576278450397458
.0065762784503512394
.006576278450398777
.0065762784503601715
.006576278450368171
.006576278450384138
.006576278450392856
.006576278450301258
.006576278450413687
.006576278450391609
.006576278450390872
.006576278450385735
.00657627845040443
.006576278450382011
.006576278450391529
.006576278450380791
.006576278450370781
.0065762784503846745
.006576278450378699
.006576278450336314
.0065762784503816205
.006576278450382136
.0065762784503883365
.006576278450404096
.0065762784503948695
.006576278450363672
.0065762784504064834
.006576278450351382
.006576278450324836
.006576278450408133
.006576278450365627
.006576278450379274
.006576278450413699
.00657627845036003
.006576278450393771
.006576278450364936
.0065762784503996365
.006576278450349473
.0065762784503575296
.006576278450383626
.006576278450391608
.00657627845041878
.006576278450398485
.006576278450357317
.008124206865269948
.0081242068656931
.008124206865418341
.008124206531651737
.008124209653663948
.00812420965303935
.008124206534142812
.008124206532364496
.008124206532601316
.008124206534287219
.008124206532712053
.008124206531539826
.008124206533674455
.00812420653251112
.008124206563710983
.008124206532485105
.008124206511436952
.008124206534152838
.008124206532873181
.00812420653528578
.008124206516092332
.00812420655044027
.008124206534917126
.008124206532589537
.008124206533731658
.008124206532682738
.008124206533289536
.00812420653302036
.008124206525178822
.00812420653247964
.008124206528176255
.008124206532501298
.008124206533008318
.008124206537771551
.008124206532488375
.008124206531110383
.008124206532358826
.008124206532752563
.008124206532508314
.008124206528544462
.008124206533961583
.008124206489188922
.008124206532388349
.008124206532604731
.008124206537901761
.008124206533863846
.008124206532391435
.008124206532450549
.008124206532505647
.008124206533533651
.008124206530974797
.008124206543158373
.008124206419718474
.008124206558717961
.008124206532587466
.00812420653248605
.008124206492130338
.008124206532500015
.0081242065329712
.0081242065288155
.008124206529453152
.008124206535724118
.008124206534674857
.008124206519928333
.008124206532871735
.00812420651289343
.008124206532267869
.008124206532562328
.008124206533550834
.008124206532901832
.0081242065327393
.008124206532485048
.008124206528284827
.008124206533325467
.008124206536470372
.0081242065255865
.00812420656041542
.008124206535119327
.008124206532483129
.008124206519166335
.008124206532496805
.008124206533421658
.008124206534703872
.008124206532172608
.00812420653194124
.008124206532831491
.008124206517293226
.008124206532414056
.008124206532489209
.008124206532481922
.008124206532620573
.008124206536686003
.008124206538122545
.008124206542147225
.008124206532479937
.008124206532525201
.008124206532330133
.008124206532998678
.008124206531984588
.008124206534280634
.00812420653591424
.008124206538084131
.008124206532330046
.008124206511359509
.008124206532449803
.008124206532434182
.008124206531457224
.008124206531850522
.008124206528737063
.008124206532373708
.008124206532958695
.00812420653248289
.008124206532443752
.008124206537806848
.008124206532601702
.008124206530459442
.008124206523254612
.008124206531862814
.008124206518927772
.008124206533629184
.008124206533900356
.008124206532667901
.008124206563796496
.008124206532221376
.008124206524832778
.008124206532824571
.008124206536943837
.008124206532652776
.008124206533403766
.008124206527010477
.008124206532625354
.008124206532376228
.008124206526480209
.008124206537256847
.008124206530985431
.008124206539023175
.008124206530362632
.008124206532539886
.008124206532271512
.008124206510489828
.008124206532486977
.008124206532286312
.008124206532694465
.008124206539832606
.008124206532452554
.008124206528266696
.0081242065326145
.00812420525069758
.008124205260949731
.008124205280126561
.008124205225834832
.00812420519540574
.00812420525518373
.008124205252554752
.008124205252213428
.008124205252235025
.00812420525201292
.008124205252348119
.008124205254157517
.008124205252497713
.008124205252677532
.008124205252328865
.008124205252482723
.00812420525258264
.008124205252230324
.008124205252112701
.008124205248261135
.0081242052511153
.008124205253312452
.008124205250886042
.008124205249940808
.008124205249921744
.008124205253059858
.008124205252206343
.008124205243637163
.00812420525384191
.008124205252583795
.008124205253645461
.008124205249161591
.008124205251987702
.008124205250990722
.008124205252341744
.008124205252251052
.008124205252002524
.008124205252506032
.008124205252200095
.008124205252248481
.008124205249173403
.008124205252564576
.008124205225505447
.008124205252550885
.008124205250003989
.008124205252495681
.008124205252128532
.008124205232540488
.008124206514443512
.008124206534591933
.008124206532564711
.008124206532366585
.008124206532503047
.00812420653049422
.008124206530917185
.008124206533029503
.008124206532395994
.00812420653260533
.00812420653824794
.008124206532610414
.008124206532121448
.008124206532599671
.008124206532359672
.008124206589175656
.008124206531357274
.008124206452761453
.008124206535204662
.0081242065370824
.00812420653595898
.008124206533016574
.008124206535062054
.0081242065312773
.00812420653148321
.008124206532486168
.008124206532455247
.008124206534419589
.008124206528360801
.008124206537042291
.008124206533294086
.008124206532409277
.008124206538555511
.008124206520908447
.008124206533203433
.008124206529188372
.008124206864836494
.008124206866830203
.008124206863552757
.006576278450376097
.006576278450392684
.006576278450405559
.006576278450399604
.006576278450423291
.006576278450403526
.006576278450369008
.006576278450412665
.006576278450399347
.006576278450402329
.006576278450350786
.006576278450407719
.00657627845042952
.006576278450429956
.0065762784503788155
.006576278450380241
.0065762784503945555
.0065762784503909846
.006576278450407962
.006576278450399925
.00657627845040797
.00657627845038694
.006576278450427229
.006576278450405377
.006576278450423917
.006576278450409059
.006576278450355275
.0065762784504072
.008124209654091212
.0065762784503906
.006576278450389729
.008124209654059338
.006576278450419897
.0065762784503114
.006576278450387913
.006576278450415691
.006576278450406402
.006576278450424463
.008124209654040293
.008124209654061028
.008124209654061245
.0065762784503897945
.008124209656948305
.006576278450431648
.006576278450392968
.006576278450412904
.008124209654063295
.008124209654084051
.008124209654123074
.00812420965408811
.008124209654094739
.006576278450392876
.008124209654060638
.008124209654038804
.008124206865747906
.008124206865049935
.00812420686539709
.008124206532616151
.008124206527229144
.008124206529170992
.008124206530465375
.008124206532701034
.008124206535055908
.00812420654826766
.008124206532503656
.008124206533439505
.008124206517724032
.008124206532837451
.008124206532585679
.008124206532471607
.008124206525296619
.008124206532229526
.008124206549381785
.008124206533114294
.008124206532480012
.008124206532465402
.008124206527117171
.008124206534472734
.008124206547112215
.008124206533110953
.008124206531146393
.008124206505044421
.008124206532465822
.008124206529300987
.008124206532904122
.008124206536685719
.00812420653307035
.008124206529331624
.008124206517271927
.00812420653178515
.008124206531897745
.008124206532563382
.008124206532527496
.008124206532433023
.008124206532283794
.008124206518388893
.008124206532646942
.0081242065325138
.008124206536062835
.008124206532860442
.008124206531748338
.008124206531304653
.008124206535838273
.008124206533250659
.008124206533266348
.008124206532491372
.0081242065329115
.008124206532705564
.008124206458351952
.008124206531003483
.008124206532829631
.008124206532612591
.00812420652890406
.008124206530917414
.008124206535315578
.008124206532596028
.008124206532606678
.008124206531254207
.00812420653290387
.008124206529710687
.008124206520644892
.008124206532669678
.008124206532325528
.008124206532404818
.008124206532545744
.008124206452318587
.008124206520928899
.008124206531058897
.00812420653258063
.008124206527369096
.008124206532478473
.008124206518158756
.008124206510746653
.00812420651536083
.008124206530810807
.008124206532221224
.008124206533056589
.008124206506718103
.008124206532408255
.008124206530099877
.008124206533743421
.008124206532522363
.008124206532484392
.008124206533731294
.008124206537009251
.008124206532878214
.008124206530866072
.00812420653246347
.008124206530114008
.008124206532200749
.008124206532091175
.008124206533166596
.008124206525519392
.008124206536204784
.008124206536220261
.008124206532475042
.00812420653270758
.008124206532595145
.008124206532867986
.00812420653451822
.008124206532316996
.008124206532493098
.008124206535412645
.008124206536111725
.008124206484292348
.008124206532808705
.008124206535012692
.0081242065183142
.008124206532348284
.008124206532199437
.008124206532538711
.008124206533099159
.008124206532488088
.00812420653243897
.008124206530512117
.008124206532453129
.008124206532404601
.008124206533329938
.008124206532529411
.008124206531543858
.008124206530048956
.008124206534061516
.008124206496067758
.008124206532777463
.008124206535820357
.008124206530908966
.008124206532622462
.00812420653246449
.00812420652374915
.008124206528282833
.008124206532706964
.008124206519905178
.008124206530617366
.008124206532096855
.00812420653456709
.008124206532597357
.008124206533669005
.00812420653583864
.008124206514307444
.008124206532499977
.008124206532805904
.00812420524859759
.008124205255891043
.0081242051081272
.008124205248226027
.00812420525199187
.008124205252954687
.00812420525083664
.008124205252412225
.008124205240172414
.00812420524661739
.008124205253764538
.008124205246183633
.00812420525217798
.008124205252154392
.008124205255463344
.008124205248881926
.008124205252061157
.008124205252457306
.008124205250106584
.008124205251414532
.008124205252842182
.00812420525339469
.008124205252120757
.008124205251424346
.008124205252138203
.008124205255328714
.008124205252183088
.008124205251894268
.008124205249880312
.008124205252515566
.008124205248554114
.008124205251723493
.008124205253115533
.008124205252238769
.008124205255450987
.008124205247147588
.008124205250753361
.00812420525172507
.008124205252943875
.008124205251627594
.00812420525135379
.008124205251592739
.008124205252821917
.00812420523683344
.008124205253757342
.008124205252021354
.008124205253254942
.008124205252197264
.008124206522212324
.008124206533999303
.008124206535586218
.008124206534054735
.008124206532418151
.008124206533468074
.008124206541591635
.008124206534785489
.008124206532480756
.008124206534571818
.008124206529725966
.008124206530128197
.008124206534101107
.00812420653755787
.008124206540365986
.008124206532446507
.008124206535891923
.008124206532470275
.008124206532456171
.008124206532431415
.00812420653282392
.008124206532936395
.008124206532662808
.008124206524801903
.008124206530859343
.008124206532434836
.008124206532652993
.008124206533038738
.00812420653191021
.008124206532589367
.008124206532680176
.00812420652851543
.008124206532493374
.008124206532525935
.008124206532605977
.008124206537633474
.008124206866379474
.00812420686603529
.008124206865595989
.008124209654064721
.00812420965407531
.0081242096540713
.008124209654065484
.008124209654062273
.008124209654125096
.008124209654115755
.00812420965596674
.008124209654077175
.008124209655894783
.008124209656011504
.008124209656010375
.008124209656167766
.008124209654081472
.008124209654060313
.006576278450427654
.006576278450373105
.00812420965698056
.008124209655985532
.00812420965602423
.00657627845042185
.008124209655963263
.00812420965406065
.008124209656604322
.0065762784504044425
.00812420965413922
.006576278450352099
.008124209654164043
.00657627845041039
.008124209654157808
.008124209656037907
.008124209655785026
.008124209654073388
.00812420965601731
.008124209654076142
.008124209654067495
.008124209655391118
.008124209654092945
.0081242096540888
.008124209657863
.008124209654093382
.00812420965410136
.008124209654082587
.008124209654099093
.0065762784502898745
.006576278450420452
.008124209656248752
.008124209654142888
.008124209654075393
.008124209656707881
.00812420965406125
.008124209654065519
.008124209656019917
.008124209654251119
.008124209653813368
.008124206865463007
.008124209653641166
.008124206532561544
.008124206535045671
.008124206525462876
.008124206532583955
.008124206533667326
.00812420653512036
.008124206536077127
.008124206520671107
.008124206530086216
.008124206531810617
.008124206532662402
.008124206567952914
.00812420653253157
.008124206532607908
.00812420653277337
.008124206531992023
.008124206533360401
.00812420653139159
.008124206525735086
.008124206527715498
.008124206532797038
.008124206531582783
.008124206532458097
.008124206530900192
.008124206532594274
.008124206532582185
.008124206533628636
.008124206531361958
.00812420653249681
.008124206502335175
.008124206531577761
.008124206532567969
.008124206532653291
.008124206531806724
.0081242065345142
.00812420653298061
.00812420653248947
.008124206532513393
.008124206569882386
.008124206532867918
.008124206532426891
.00812420653533879
.008124206534416704
.008124206532388031
.008124206535722638
.008124206532507727
.008124206531805619
.008124206532388217
.00812420653258788
.008124206529594257
.008124206532493194
.008124206532512394
.008124206533137716
.008124206520912912
.008124206536019127
.00812420653358064
.008124206531751879
.008124206525489557
.008124206532493348
.008124206533163095
.008124206532386416
.008124206532479875
.008124206535445754
.008124206506366914
.008124206533351417
.008124206538401398
.00812420653193523
.00812420652836478
.008124206535029576
.008124206532530903
.00812420653243939
.008124206532294582
.008124206535751835
.008124206532692952
.008124206528546275
.008124206532398698
.008124206532422544
.008124206532465903
.008124206534190905
.008124206532464132
.008124206534433548
.008124206532468503
.008124206532380551
.008124206527542551
.008124206536071524
.008124206535594102
.008124206533713135
.008124206533086813
.008124206530883266
.008124206532414155
.008124206533839964
.008124206533303003
.008124206534508635
.008124206530904348
.008124206532497598
.008124206533315253
.008124206531530564
.008124206534036229
.00812420653240762
.008124206532462756
.008124206532486503
.008124206533768634
.008124206525074562
.008124206532466757
.008124206534910949
.008124206532302185
.008124206534017606
.008124206531557246
.008124206532477826
.008124206534494617
.008124206533080748
.00812420651301564
.008124206532190668
.008124206535393782
.008124206531920981
.008124206530219728
.008124206532560449
.008124206529129834
.008124206535144568
.00812420653112791
.008124206530543354
.00812420642562584
.008124206532203838
.008124206535758915
.008124206533070414
.008124206532754035
.00812420653326288
.008124206532502122
.008124206532626629
.008124206533455325
.00812420653344312
.008124206530294801
.008124206532492824
.008124206532553573
.008124206532994234
.008124206534661815
.0081242065022311
.008124206531698711
.008124206533001232
.008124206532534236
.008124206535358744
.008124206534945775
.008124206532472476
.008124206532257107
.008124205251491858
.008124205253031178
.008124205252197092
.008124205238430732
.008124205252159972
.008124205251906776
.008124205227703381
.00812420525034265
.008124205251625003
.008124205252490847
.008124205252555482
.008124205252148117
.008124205252187362
.008124205253312207
.008124205299356006
.008124205264833342
.008124205253056448
.008124205251745275
.008124205252224811
.008124205255677884
.008124205236073006
.008124205254182866
.008124205244858667
.00812420523785891
.008124205255510736
.008124205255112904
.008124205251052497
.008124205252187348
.008124205246949118
.008124205251823306
.008124205254430906
.008124205250997135
.008124205254353156
.008124205251731539
.008124205253434925
.008124205252973426
.008124205252333393
.008124205252205531
.008124205249182117
.008124205253804268
.008124205231944431
.008124205250240487
.008124205251986963
.008124205251727683
.008124205252177835
.008124205256178655
.00812420525221934
.008124205252269723
.00812420653262731
.008124206532515353
.008124206524895629
.008124206533941084
.008124206530570227
.008124206532455956
.008124206533277232
.008124206526412327
.008124206534379995
.008124206532191576
.008124206532540167
.00812420672107189
.008124206534673611
.008124206558276547
.008124206532439135
.008124206518433126
.008124206533109555
.008124206532804273
.008124206327450716
.008124206531808885
.008124206532572092
.008124206532669624
.008124206533960808
.008124206532800743
.008124206532643886
.008124206532552167
.008124206533077029
.008124206532483693
.008124206533322124
.008124206533593345
.008124206532518564
.008124206532459826
.008124206530641569
.008124206530492763
.008124206533136403
.008124206530716728
.008124206866121598
.00812420687049585
.008124206866087851
.008124209654239854
.008124209654077123
.008124209654103983
.008124209654136901
.008124209654174156
.008124209654043401
.008124209654099162
.008124209654085715
.008124209655901651
.008124209657809325
.008124209656012595
.00812420965409123
.008124209655902928
.008124209659167114
.008124209654086714
.008124209654126677
.008124209654130483
.008124209656014597
.00812420965875462
.008124209654112603
.008124209654068348
.008124209654137862
.008124209654095493
.008124209654127103
.008124209654119833
.008124209654073976
.008124209654232639
.008124209656009218
.008124209657163544
.00812420965409205
.008124209656026036
.008124209654092544
.008124209656056097
.008124209654072548
.008124209654093741
.008124209654086488
.008124209654091793
.008124209654096815
.00812420965405626
.008124209654091438
.008124209654087701
.008124209654063071
.008124209654104606
.008124209656016288
.00812420965424222
.008124209654107437
.008124209656205096
.00812420965407607
.008124209654067674
.00812420965926498
.008124209654114234
.008124209654116839
.008124209656028841
.008124209656020967
.008124206865695914
.00812420685664367
.008124206863944355
.008124206534016751
.008124206531810108
.008124206533673484
.008124206533154066
.008124206544722998
.008124206531766983
.00812420653264971
.008124206532147018
.00812420653254307
.008124206532718614
.00812420653253675
.008124206532680667
.008124206532187934
.008124206536854008
.008124206532688912
.008124206541346598
.0081242065324559
.008124206516421553
.008124206533952455
.00812420628689993
.008124206524142162
.008124206532523348
.008124206532773265
.008124206519158935
.008124206532093677
.008124206562299029
.008124206537647423
.008124206549022708
.008124206532932145
.008124206531962474
.008124206531083207
.008124206525891785
.008124206533184321
.008124206532534999
.008124206532493433
.00657626945118374
.006576269426497455
.006576269446076885
.006576269433979136
.006576269454938877
.00657626943276832
.006576269440180004
.006576269437520344
.006576269430003314
.0065762694353731395
.006576269441309772
.006576269449334783
.0065762694094103485
.006576269407531485
.006576269440188974
.006576269431956087
.006576269436921316
.006576269409247926
.006576269422345326
.006576269418358194
.006576269405432812
.006576269400903083
.006576269439180266
.006576269417179899
.006576269411732967
.006576269394457132
.0065762694074751995
.006576269402457391
.006576269414378717
.006576269400169873
.006576269429812173
.00657626939831453
.006576269410916757
.0065762694273011155
.006576269403785724
.006576269375232066
.0065762694034060135
.006576269392278854
.00657626939133115
.006576269399076587
.006576269387804635
.006576269404617518
.0065762693753343435
.006576269405698111
.006576269396949454
.0065762693822738125
.006576269410247668
.006576269390914232
.006576269421228689
.006576269362724333
.006576269377662154
.006576269380521897
.006576269389815378
.006576269388612365
.00657626938611492
.006576269372348539
.006576269390454522
.006576269379143183
.006576269380401891
.006576269358147156
.006576269400270721
.006576269370139019
.006576269344992317
.006576269376159525
.0065762693733803
.0065762693609297445
.006576269366734454
.006576269367664428
.006576269362246381
.00657626934775896
.006576269363653131
.006576269357654326
.006576269353322433
.006576269350248057
.006576269337210473
.006576269375613846
.006576269373824593
.006576269359280556
.006576269374789783
.006576269365868771
.006576269383827678
.006576269399742437
.006576269365366672
.006576269375661549
.006576269359259548
.006576269378489371
.00657626937937293
.006576269389727507
.006576269401545311
.006576269400711076
.006576269410616926
.006576269401797483
.00657626939816645
.006576269393370976
.006576269384882644
.006576269378258244
.006576269384885741
.00657626940217288
.006576269409939924
.006576269427814833
.006576269404047016
.006576269388408498
.006576269422161037
.006576269390156484
.006576269425487207
.006576269414925986
.006576269423513926
.006576269393480717
.006576269419327546
.006576269494393342
.006576269504314585
.006576269492369685
.006576269476857538
.0065762695023641946
.006576269506913663
.006576269479199392
.00657626949071378
.006576269488186015
.006576269481319586
.006576269502416951
.006576269515828818
.006576269470593523
.006576269468906822
.006576269509215811
.00657626951113022
.006576269489721146
.0065762695218555545
.006576269492536095
.006576269498531324
.0065762694723413674
.0065762694820192275
.006576269478997693
.006576269504130554
.006576269504256661
.006576269479908312
.0065762694973655715
.006576269504653117
.0065762695023520445
.00657626947946874
.006576269504232215
.0065762694860484845
.0065762695022437735
.006576269510788217
.006576269499733495
.006576269506446615
.006576269513645496
.006576269481227053
.006576269505133019
.006576269529300034
.006576269505940517
.006576269488277321
.006576269499481922
.006576269472480353
.006576269502302368
.006576269503709876
.006576269495410468
.006576269530215936
.006576269404273629
.006576269415991212
.0065762693892507
.006576269432549213
.0065762694306554055
.0065762694180458575
.00657626943023488
.006576269446715256
.006576269419396285
.006576269434211696
.006576269447863514
.00657626943197044
.006576269412358203
.006576269428363315
.0065762694282011
.006576269422641913
.0065762694334086675
.006576269404251654
.006576269418992143
.006576269416682424
.006576269449078818
.0065762694000430335
.006576269429290578
.00657626941436494
.006576269408469098
.006576269437089493
.006576269409342173
.00657626941748761
.006576269436650383
.006576269420355815
.006576269418063146
.006576269426982923
.006576269429451106
.0065762694205704865
.006576269442174801
.006576269398226523
