183.86528002647103
3066.2319745788354
117.2305899140313
116.55453359136604
116.52326830015913
116.83449566559526
116.45863424782804
116.20491367612495
115.24554526518278
115.39218296426189
115.17022336619733
115.33022530210644
115.22367633305953
115.26539811375704
116.69162673842935
117.25929382357988
114.81206036634029
115.5382296983469
117.4350493376436
117.79290314553629
113.77040265211139
115.00568662481476
117.45054279526079
116.509596509128
117.05542354741794
115.58145584741476
118.26362530984456
116.07318400447926
118.06307136764516
116.02200361555448
115.36640914555637
117.76760793304821
116.61093737289531
115.80526341166845
117.70276190496398
116.34733541633395
117.27597820504515
116.91305133837609
115.184110343379
117.14975626468045
116.65242087235629
117.14178539378229
115.21752550145483
116.36785945532498
116.03092394755117
118.22697549150662
117.48759572267471
271.8436927042229
268.2026195944726
273.6371034556007
275.7924296868181
271.8740497710489
277.58851165536
276.6103725972411
275.84559014867716
276.00186551286913
273.9176957405993
275.4557556570931
275.7476306443602
495.5474799122508
499.69634758678524
495.2965500775551
498.69576441013965
491.88607370471567
501.27622315747124
510.69720368470354
498.01185400985685
498.6876869929827
503.08307286582107
502.8393458618531
503.226468310076
965.0973604724978
973.3559602482745
999.0709216805308
975.6829285899771
990.89465580603
969.0222460154658
981.7149721276684
985.6032786941939
985.0708589266118
969.6767513192648
983.6577829931518
999.5826806525669
667.5374815143081
679.373321705765
675.0286846264136
677.8072755474025
681.0289259190357
681.8978387393041
694.7509634065547
694.6432514165685
703.5518039947925
698.7028524831973
722.095151939949
734.1439135922961
117.09216010522533
117.25532315087719
117.54052648150957
117.22067092073296
116.4672634983672
116.27369144904851
118.10749797675044
117.94401504388573
117.45606238692301
118.00689353073406
117.81571231731327
118.33234555700516
118.98986223158532
117.72342616032118
119.95464576887022
118.21621473764401
116.74221093304757
119.69929950375383
118.8124514881062
119.13076500590282
119.43445876224433
119.86857495278957
119.33772354319069
118.0877955115479
117.47192555320537
119.92264095964049
119.87212452050977
119.0867374989312
119.04670373628788
117.98949233021364
118.09292945062502
119.66256011785975
119.55948519710377
119.04011385279532
118.13130477693066
117.16959863593668
120.3051499766769
120.54601483929393
119.18231510057282
118.87844401430786
119.50086136533069
120.46667770492708
122.15962240931964
119.51480063018037
119.30424848020182
121.31834436590415
119.42624147447087
119.34629364571929
342.0699681121063
345.2210298084018
345.39609043271616
347.77494728421743
343.3636624948399
344.7577723827748
342.76587931074266
348.9754838967554
341.43399772422976
342.7766860354225
345.63077016115653
342.43010197556447
277.0135521898139
281.8752139953678
279.15541618103185
281.0604747443565
274.79188650395434
278.30417730487795
282.27096961416794
280.3960911347909
277.8676191509216
275.6858791461307
275.58998067342594
273.3280805378137
123.79924590420119
122.09517372562892
121.64199776205012
121.86728129016346
122.42734465233251
122.05291467590351
122.9079221225051
123.24495819018142
123.06589980756179
123.12547220436758
123.23909266064547
123.7842359872711
119.08931838392185
119.4584169607268
121.303307987184
120.55726218034681
119.5533481196509
118.59491580668593
120.26502068820655
122.12649545881993
120.62518182929772
119.42977507533446
119.64700706234282
121.63546892129102
116.85285852506135
120.8717959837062
118.43378085154387
119.44190556884026
117.21276985599847
117.85339320193734
117.98127831075965
118.14306496726316
118.36553269873362
120.00330706087288
120.14229165570588
118.23183451078312
118.038552138263
118.23805968420915
118.61765305935609
117.74817325820352
117.73801409713876
116.9669911048687
119.13183069964278
116.58530824390498
118.80725027451653
116.91211670817175
117.59942336514446
117.49426941261264
229.1309565419237
229.0090314684067
229.22945629058503
231.80547232177696
230.0283182104523
232.02972813627272
229.9860770876122
230.13322880433395
231.03754387479273
231.41540060166466
233.80889873233545
230.92258201862188
266.68145871124926
267.56493387050233
270.15523868503374
270.5210126859351
273.57593245220784
267.4158600046415
270.75634291243176
270.784239362231
270.01199165288966
268.26536843145726
264.859199657038
270.3455179020563
413.5996709584223
403.6322366809937
408.16509631031363
410.96262946733236
415.7772023713457
404.9292221514919
415.3654776897408
407.16995567574344
402.94153144669576
410.3716244326109
413.2008456148679
401.48939757982674
164.793370633762
163.5639027840114
163.02928707649963
165.52083699651828
164.48583183079748
163.68528464032855
165.26063797122973
164.16819566395915
164.72248025042487
165.79413588691156
165.11889392054957
166.25282056347538
117.7961659846298
117.93106364387621
117.09301644919526
118.54946897659067
118.09685268902938
117.44559831542746
118.0395713422816
117.79403825152617
119.0058545892753
117.1203898764313
116.2895410968719
118.26851252366542
118.04678897480208
118.79310113610212
118.9104483220078
120.68836241599767
118.5335970666491
116.83456905003291
118.59434109455584
119.70480848301065
118.50931638595549
118.09745379862453
118.76766479446671
117.38389437272745
119.51727675804241
119.40394871860852
119.32536734314658
121.16383121977505
119.76588332697196
118.8551818732815
118.02011101348198
119.61906120413558
118.33587045844477
119.90598097119833
118.88924672438401
118.89656526367793
117.51290183174187
118.61465999173548
117.05014783314354
119.49657559891386
117.8334760474585
118.15634076939503
119.04343062425951
117.08532428452573
118.63077734945212
116.63036188042929
117.59209612587031
118.70040146470029
118.04348129678812
119.09539808018437
119.5905459875228
119.4444524167706
118.04672763557986
119.74405898206088
121.13399786550916
119.03774200223471
118.90097386615457
118.18940968158459
120.72295338191273
118.80397124589315
116.57414550073544
118.49018522607209
117.06121565568026
116.78518641976926
116.94870244040503
116.995958215719
116.51784653970613
118.24229265679189
118.03760613078825
117.09863890052041
117.18369977044948
117.27156670549145
296.3268694869396
293.39598479827674
294.1232673939352
293.2034312693634
294.51412043731943
297.5600583065152
294.7480494380365
293.93374377355315
294.4152274409933
291.0029679182929
288.1391854498448
295.5612657413583
784.8274184698696
782.3903709764966
775.8533602650499
778.829433800109
779.6729485794776
786.2801045095406
776.8414785143739
766.094556305247
790.1869457710155
785.3123308489885
779.2992876146748
784.7892168374847
951.4774066164164
949.3329457468724
956.6681982826957
943.3174114439422
937.8652370996463
962.068387160255
947.183876634175
966.8009827697737
955.6399866575935
950.6161501175444
951.7323783241275
954.2628076583235
644.0003569262865
649.2400694292016
642.7942156993126
647.3117829459322
652.9650866845875
644.0565530028215
645.2023778742905
644.8722457719211
650.0076081070805
645.8744099537264
649.4032168753184
653.1920092586408
115.73935267758323
116.2875455153029
117.19343264968113
117.82359067974815
117.2099652300356
117.57626032927854
117.69924728554078
116.88003127437185
117.95105686096042
117.40779784246361
116.42987855513039
116.84834879377333
117.49365282703967
116.96069226555453
117.91476340359691
117.88206897477612
118.04956416780311
118.4322594672984
116.41061406641077
119.1311896302715
116.99407282969337
117.15984474228962
116.9071900322875
115.19201686029326
118.13298741662723
118.32271900401226
120.11027183788134
117.14146233440856
119.08272072110277
118.67345319736208
118.43489436524987
119.74960786469322
118.8983599800507
121.1219793054957
119.20224443059821
119.5069144162093
119.53844478216836
120.0420488079694
119.6771605677425
119.89890759611188
119.83770676765712
119.56948713062104
118.44669465304003
119.41120262913294
120.35291863176978
118.4425854765792
119.77684624616074
118.57997096212245
304.6191673788091
313.264981340764
311.2520326830344
309.70386209689684
313.18405803486456
309.34163894755864
309.1084020904007
309.1105549165869
311.5303021739566
311.7185635695443
315.86155971065386
310.6768680317102
273.7349483191905
277.9914395126454
277.6487251944938
279.66276893214007
277.8753999321534
277.31199858533296
281.46224905063826
278.4631394911575
275.0370997660872
277.136253067943
281.3280895587428
283.03338572549205
121.35298931010568
121.86516633624198
120.01201175118442
120.97515255447286
120.72987538184175
119.4698181526446
121.53477014936762
119.5568172471549
120.13973707912518
121.31050897304007
120.59505062521967
120.60340977608344
122.3684745999372
120.3921717004549
120.36407679168099
120.54587627898185
120.49300183170175
119.9235192555729
120.3590053413416
119.29807126453959
119.94720404757075
118.46197184075332
119.67953572760325
119.39839658542581
119.34511054333666
117.2877621817428
119.26724383681989
117.7320451024517
116.25897204922225
117.9854326120637
119.50051826868513
118.2079748638782
117.90994396925475
117.40351997032889
117.42424256738846
117.48266474328865
117.41680137441904
116.06723207544339
117.7244974491106
116.63392892725123
117.10048769444133
116.86356583343816
116.03931944951498
116.96874244970083
116.44826180724095
118.87124411040412
116.87192827262338
116.2354440702741
215.2108077296144
217.09128121345444
217.45294243510983
217.09788217617057
218.60851447110272
218.48037660972267
216.60744934054404
216.4700214771125
216.45666072954685
217.74225735955307
218.1364122719497
214.26881351524895
271.2258718319372
265.76408794569056
269.8091627049046
267.3725068046746
268.5551439598886
265.7638605211342
266.6933982681813
265.1354395061752
264.33344478255987
269.091703080107
271.07486069176696
264.92818165286235
347.1656814861954
352.1530056356565
351.2764001741608
350.7598953279322
350.70706035968874
350.92902195531894
343.4557259210133
354.2089373560864
344.2529236134116
346.6682239407319
349.11304818740416
343.5450794857987
161.72556519318064
160.08206480914254
163.46956549921708
164.15028869704136
162.30565061049947
160.70355056811965
162.52086813289534
162.70596889483278
160.51725627493394
161.04933907672466
162.36959811487384
160.95357734068628
118.90561218812036
118.03507098969729
117.62829249631577
117.42972396813009
118.3617587365914
117.5770422813398
117.67893025548196
118.06997454678985
116.73853119899675
116.6167606194664
117.50284307885656
116.93121447762401
118.21155929658703
118.01606821950362
117.42294620848857
117.78733888001142
117.60906734231396
117.5324922500855
119.93779833613554
117.75730889893
117.93341066584736
118.81812404815204
117.52566050548064
116.36330558661564
117.62082453575105
117.36153476426578
117.6701745830262
118.40171494245345
116.46594509887831
117.60293984153645
117.97452356270145
117.46154840190047
118.9324540455242
117.77326244013095
116.81404747131083
117.9437473954578
117.06161144491351
115.77561923715704
116.39317596616414
118.39444443029294
115.43759480802713
116.11006484623732
116.86364889549107
116.40168803815858
117.90776955633322
117.65035868782105
115.31153447609933
118.8646116399256
115.68655250135498
118.32617135749025
118.17979123906082
116.74774483317482
117.53740520927256
118.85758863722998
117.25203674302934
118.20920541338072
117.29522385255991
116.13139819888777
117.9289249327366
119.87357896252082
116.24118811315347
119.23362100578163
115.85869340223948
117.91075937719262
118.42976553058922
117.43520245852856
118.00387619500724
117.89709259558752
117.04128895880642
116.55621471574494
117.5325065529295
117.42187478958137
286.4523862525577
295.1462971588398
292.3445986264871
286.9277615757892
290.20511816935425
289.7451206680595
286.4596260014997
287.9398558311776
289.7610663623682
294.0648259089912
293.03188208391913
291.2186895730361
483.7671262861912
487.7592566392694
491.01898938119194
480.09250389336194
486.07021737689115
486.4363488867004
490.83447560250374
497.3308195242918
486.8696830399779
495.63527505763045
488.4814112237709
494.37556087357126
586.7608620937953
580.578087845473
593.6544091241752
595.4839292363928
596.7473553695927
596.1739944047144
586.375015953763
586.8786630822132
585.8865159191599
583.9874544437864
587.8068019055887
592.0026776053437
443.6271861178558
441.244025799905
443.61079664393185
446.20828946589427
440.1047549618902
447.95688039363404
439.20114522474154
443.41280459005105
450.7482650312205
445.4947405046161
448.0225633418652
436.98100833509386
116.3769626699272
114.82808140823907
116.74091752837437
115.76434788816559
114.44110236130244
116.29310571586372
115.61863203622286
116.27358636838645
117.46873884451315
116.63113848556584
115.92915340828826
116.69249651625397
116.38398319722467
119.11304843753042
118.02427968136644
117.90192687269345
119.62464608194281
118.04838701978038
117.73291376179061
117.37189986989517
117.30409600080878
116.65846448325465
117.06250957951106
118.19462808497356
120.33232687732759
119.35844347828936
117.99246694510143
118.1168658606219
119.19846885487149
117.07371345852141
119.1015273828724
117.76986144896121
119.12400844590242
118.41216646801348
118.28567394943985
118.57089754693247
119.59686556741144
120.39221326835647
118.1734570675026
118.64842552211535
118.43902454237131
119.2799240981745
118.85417294275615
119.41168512670932
120.0684562506208
118.67744488229737
119.03693740146028
118.65941529500336
336.6434882553298
336.2787164016509
333.93346896852427
338.8854606225074
342.1523895076324
336.692804641536
340.78040669293927
339.416234332314
336.3041829485541
337.89902229057066
336.1628329292905
339.53902472100106
252.4519011067801
254.1784065392792
256.54784285634304
253.95942765386843
257.52329106146624
259.77535948649063
253.44425449509652
260.58147514600256
257.90433056781234
257.1089778380142
255.43455907688508
259.62163847332664
120.97770020178214
121.14887135829612
122.89831485098179
121.90776549928553
122.64888803393647
120.9032407558958
122.84039038251535
121.77709748951125
122.38337904325164
121.6468698628281
122.14864153356464
121.63685881852632
120.96730498163444
120.7240298828979
120.86994206247645
120.07723500770848
119.2033311471469
119.68880087323815
118.85854693813114
121.12913261809308
118.25519212527091
119.1944384116016
121.15040748071759
120.64521720053023
119.12773748079495
117.4528238030851
117.08913798575205
116.7569420328026
118.1315483427025
119.3688761853096
117.73121305789225
117.54243228294926
117.51253652243037
118.56582724416789
118.64428494414697
118.86389341220429
117.74524022137904
115.2650427973944
116.24488146258952
117.58232467330556
115.8462437201848
117.23051671452131
116.33338937969253
115.9846184508857
118.1546668016384
118.01626782503786
119.38343569589522
117.64986541934292
224.70025337503898
222.6811227299866
221.22915164645514
221.47125990927694
221.44299109661895
223.70934118069468
223.05368728644567
219.380693679373
218.62677922518455
218.70202315950706
221.41946880863586
218.42231975561486
239.72462930340515
236.8352986791379
243.5468279020711
237.2435066563548
241.76643915738254
244.50271003811199
238.1675409956143
235.83607682769653
236.4622688944888
239.54266227110597
239.272000168325
236.59271918617162
339.57170588675683
337.36438733394124
341.627914810272
340.1870926834359
338.4726612080068
339.09961619165017
337.81925779702453
341.6634848396015
339.1757732749538
338.5616267861634
334.888898984105
335.6523433269916
154.87332666185355
154.8981143952332
154.908559409665
155.41996141977017
156.30032630206324
155.09972512710823
154.57268600563074
151.41535703904765
151.57702354354475
155.75616312895593
156.62649218807732
151.53399964072497
117.81645750719343
117.79586640610594
116.93917164386764
119.3859179146517
118.95418848907005
118.67275092696839
118.44224750421517
117.57507171245989
117.17205815176438
116.26972635338664
117.70155735112172
119.11648499389933
116.25211603247678
117.54435356202738
117.86328280357041
116.90958133564804
115.71472139109804
115.96451399717793
116.7361802728025
117.72100869777334
116.86958357544948
117.06669624473645
116.78341269153455
117.03846302259348
117.8173049672527
116.5393265531135
116.98472711906639
115.41205452574336
117.36213648129572
116.01113268965592
119.32643140010227
118.18513583849125
116.38265506323037
118.80331971779931
119.04825572917109
118.08417732745963
118.47073895183605
117.42976721033295
119.16551545735145
118.09534003005629
117.0214818153833
117.89790704925181
116.9127214391678
117.39106426167739
117.4873256881449
118.36561245346142
117.4341283647794
118.95446963131788
117.82547096348702
117.27780849636709
118.82049238303064
118.35803027739317
119.27672826282682
117.43613934181938
118.63260660887238
117.01808661732562
117.27911736485582
116.77932668888825
117.39395213848033
117.79003384013255
117.15047193453938
116.9685383806999
116.59817671174324
117.40765820457113
116.17880399290294
117.52546989910468
117.14606505414571
116.4337371212006
117.31629918170495
117.20369155418824
116.78045179422246
117.3805441401639
278.748177834081
278.88586947634303
277.80499499263254
278.37631793730696
277.7175646157544
279.5910563832388
277.04864872659243
282.60949100805647
277.23453905623325
280.28857761192836
281.1555639871769
271.962134703167
489.071883414359
485.86698762773113
489.32405997954476
487.7238401232184
491.1359991374509
483.2890099973712
489.66260162032773
482.6555102228446
488.2671693943843
488.77232689432947
490.44907517189023
497.10945846983157
365.68169351476274
369.77123210395996
368.44463804241303
367.2501941164086
371.77854961682533
366.28749082168883
365.9528535876603
369.36015217058497
371.883350754076
370.5212774980074
371.44450869089746
365.9688095004809
634.5293629081282
644.6203715068137
644.779938468543
643.6424292207364
638.5185138858302
646.8937084747141
644.0912477970128
658.6524839842273
647.6231376891727
654.0446061976097
658.1079128569697
641.8886766752764
116.18975431402346
116.34506248232495
116.28306212132894
116.61669139926096
117.43805913678818
116.03374791622376
116.49024335869248
116.89391927368415
116.76171853017166
117.29344589284553
116.38395135574687
115.89942316216687
116.05321675333255
116.60472375950381
117.33143262235804
116.88338852566282
118.20482265471107
117.23556062033855
116.51962226011018
117.67722486837087
117.70306409934432
118.43765971237391
116.82482980627191
117.54497348231938
117.95503090151982
118.62604293267076
118.82170438338974
118.9571435190898
120.06923483814482
118.62738227319153
117.57029984496748
116.82601808249125
119.18096045181271
119.95919484911671
117.66132511795183
119.43665198632702
120.35893691614753
120.16216154061684
120.96901709179711
121.09269407601916
119.55164894819755
119.07141234853303
121.66694728522872
120.31692266361682
120.20626243646207
120.80008350070568
119.62467380514497
119.96913568025273
304.7101861419325
308.3105757771179
309.6370408562864
303.36830717387244
304.08536533728784
310.4141845516706
304.128834243118
308.66435413478035
305.07980825045286
310.58312362272363
304.84674221206876
306.709491097343
255.23717724188202
260.2415104947831
258.3544014957198
257.9669153674482
259.5423275602375
258.88527001689357
265.45534224056763
263.4879398050467
262.469645037601
258.5249664892412
266.14222747214353
261.79940757242963
120.8762972640823
122.26056959039468
122.5194748689848
120.42822310882643
121.08067602821451
120.91478064581085
123.41033793769031
120.76343544301056
122.24477278881098
121.57163778979212
122.86133867446328
122.2017611811859
120.86787852426804
118.6191511367784
120.43428069988222
118.69900822860934
118.61865002509668
117.87351695733722
119.3108091934881
119.25981051370506
121.07239512601613
119.7314357253793
118.4307658193213
118.38868342648252
119.34152230272241
117.21798687964097
118.58072262659667
119.27569308330999
118.45087664542122
117.50982741528544
117.94163674971186
119.67132078644045
120.06046047116413
118.70736460409091
118.2174861678335
116.86974872714971
117.42660500771315
117.09767739890718
116.86217803377944
116.15304723805549
116.58766011493995
117.59968328078565
118.5983489130251
116.83623825884005
117.6997458842065
118.7577534071814
116.67252126810932
115.62255532190134
229.00401443132117
230.06473072486233
227.69670440952999
231.72166391036382
227.81530185585473
227.047104845625
227.64763087376127
227.44446483973195
228.05908231013893
227.25113366731298
230.66141088832745
228.8849529477268
248.32050326336417
254.92122059084159
249.92061756252346
249.74756230019403
256.2412022400066
249.9016657713631
251.7312159832093
252.02586995503665
253.03733348417154
252.3892803510924
249.3287890276518
250.49292055459014
367.25179006328074
364.23011107188853
368.37499665245076
360.4007524211845
362.6150784641339
363.9658255107629
362.90619953580824
369.45504322935454
365.8271432604691
367.8531752633351
367.44097217930397
366.5747174523904
155.52786662699629
156.1403307769476
156.7648026452823
157.4650962432289
158.48639250818331
158.52651599026657
158.14169286052228
158.64142492772905
155.65904919511334
159.18080251352433
154.86288901972114
157.95024240915654
118.33238550520589
119.40341638640184
116.92571258839168
115.32778215509906
118.4769718372578
117.11915390179713
118.67788487236919
119.13445859802829
116.70817591986618
119.46839170021099
118.90178968091539
118.41470000368703
116.74713525439005
116.62680656902315
118.65158719877522
119.04639815742678
117.71121410345711
118.17973041372927
118.84354782537332
116.6523810482078
118.38249999608864
117.70947948519112
118.08169250401791
118.0320457287698
117.05852020909143
118.12961893846455
117.55408807047164
118.12951792482872
117.2849672885465
118.01192633094182
117.64928465328018
118.00452573192203
118.13885755301676
116.95899635646165
120.38218841683992
118.09399130716254
118.7998562048283
116.95040618813225
118.54897725724217
118.02435348189535
117.24817555566331
117.33977560909752
118.36254749414606
118.22484670892071
116.64645745297857
117.23751638157935
118.97438980371473
118.73594586882108
116.89815124438664
119.99459973485527
118.0106740514049
117.7042672545912
117.05067918693331
119.22742859720901
117.84938851010814
118.29792544049748
118.39209647111203
118.14965644255999
117.4756793133003
119.20670479914125
116.79208822606769
115.8160532548038
116.87398127859466
118.42039055827483
116.41196331485085
117.95259667215612
116.90657362933642
116.97717258706524
116.75002720447675
117.72979056149792
118.4498075380091
116.89539561169734
287.59809166769026
283.9575255621167
289.4495853455492
284.51438989762005
284.7000173420074
282.899496668537
284.32573941670427
280.6880442184975
281.91571055046865
283.5900345099236
282.44705727107186
283.2494406603337
533.1690205956039
532.2113252019723
545.1591595485605
534.5543424088944
532.0362844705564
531.5446314688246
535.4309464036041
535.0950628472575
539.0234246562015
535.5729698320488
538.1534575820116
536.0752237599297
784.0715323316681
790.9907195123996
789.6374115210518
781.5626461767041
789.7482574661943
787.8044167490679
786.1929595184914
785.3714013011905
791.124997076303
791.3481186894129
780.6788738629997
784.3934597974722
671.4507313176979
662.9745087412352
674.231102162087
663.9962780812269
669.5025817043901
661.3681502775967
666.773788195261
659.8468868651341
656.9383156126635
668.7068531123788
677.1935476544189
673.4265178930189
116.5983260813185
117.05142090824519
116.26151944505864
116.18087960995872
115.3984331026125
116.4274244696646
117.10772963010244
116.49314505608018
116.14175953592584
116.9206940553768
115.56624016263123
116.31719188209073
116.43696040300195
118.49447146283515
115.18107422604857
116.44546365186734
117.63212110675569
118.10545007635395
118.51230510108994
116.11518053066273
117.46275912893053
119.85097810020717
117.2711665955568
118.2864719682588
118.74293431508738
120.28917976379073
118.9256834602024
117.3343501980072
119.73424228933571
118.7297114949518
118.27631309532661
117.73451431063573
119.63116001352469
116.98953088869744
118.74154222114572
116.24551856916078
121.24024009823285
120.75736729577423
120.23477173301718
122.04269862274796
118.86630228811195
120.19464528082426
119.22690153857604
120.51635842222285
117.27906402492208
119.8337360706485
121.16757886757686
120.40855481787034
300.32774828564993
304.03927387820096
303.90231718830927
302.8086344740319
300.0061994314681
304.9751557595648
304.9022207913039
304.6428638731987
309.14585821999714
305.51387627519625
305.5742716428453
305.66529371652734
258.94134261357345
260.0913845397024
261.5043652796384
259.23522009326115
265.5335522803375
262.8426731547944
262.58408415865125
260.925930686055
264.0467644732935
258.64718201740374
262.81586475645815
257.3582858358015
123.1222524500342
121.68753632776868
121.73079901106529
123.56195364974644
124.20865782903942
121.62164338842878
121.72022085034875
122.38971028597356
121.80938891554946
122.333030989937
121.2034892075335
122.26058275429199
121.22272278266935
120.59798918018926
118.52455813413289
118.81567669578183
120.02571362028384
117.82131792131852
117.97062133119942
119.23485701719387
119.16660245879571
119.64330970904014
119.25840078149261
119.57873283532045
119.32182203222933
118.89018240524345
118.96893854786485
119.20522886099585
119.35847583991944
119.88521117771353
118.87858618273052
120.91556666594427
119.11944493490948
118.11088212716584
119.33183939544857
118.54826711893341
118.09769163398994
117.68843784708562
118.25418321272343
117.62129713161815
117.3945048524418
118.23723846431663
117.82975611987129
117.08452866170724
118.15347262058168
117.79289912408728
117.64102401156444
117.37041824232159
225.68995980450777
228.11970930909706
226.52110938328457
227.69671818213754
224.94393824675797
226.43944276940647
224.08966419122982
225.91092788658491
227.3698026368659
229.29811454669354
226.6284087658557
229.75904116673618
250.59414555449794
249.10219287511836
251.31074209877016
250.56778240845946
255.26841217256077
250.95808877368853
247.79520042771986
249.9978689639859
251.03750017571343
248.58243641541037
247.1840199239635
248.0469737042071
326.163712142115
330.29164748935744
325.7113270656157
324.3629614176974
322.03291720206386
323.4222523021462
327.5315946898915
324.620173192364
325.8745461351146
325.30961829592445
324.34137608458224
331.52651094361113
157.9238722040063
156.45634920080983
157.0342298081673
161.7010528435071
155.63468604128704
157.50897747651277
156.5875470309108
159.18664636137675
157.57268312489933
156.96053419015487
159.45743815251646
159.27373668810318
119.0378543078242
116.9459274180538
117.94066055002943
119.1254840117125
117.78817770365951
118.21737862529694
118.35567375626728
118.58242419436122
116.89793033298717
116.667966739545
118.84439464581173
117.57355327663555
117.0979063282567
117.27673825429483
114.82956904146474
118.43799969539882
117.27086846957029
118.44392480755309
118.48805048579923
117.35676483405858
117.50468399799051
117.81129435555034
117.76248304292345
117.63156464404587
118.05733241171126
119.44089888633991
118.59698558355234
117.86942859474661
117.92547647490981
118.6005234576337
117.05140092255822
118.79148895886108
117.71058847362562
119.6669252777113
117.97841549318134
118.1843852054108
117.96432503425524
117.708875476619
119.04899416563438
118.69184535014038
118.38390021921968
118.40744436435753
119.13129247615916
117.2496401559182
117.8547355753213
118.94265304365176
117.75073536961595
117.12232865822747
118.20243143689795
118.49928560673544
118.14902005097815
118.13666244691892
117.3853350074556
116.97752923327744
116.91095699004381
117.21661871012181
116.9339440532806
118.43560315714231
118.05899375573954
118.63697047174672
118.09413599905298
118.33229821865471
119.14602881697009
119.29526257909247
118.77042491946824
116.2477956274753
116.78683540161197
118.6973448061455
119.30054284164365
118.97136064858212
117.97968794892473
119.5092229284913
291.5882842518306
289.46660544236454
287.5107625167252
286.2098414579006
296.68474091730087
294.06531179194775
288.5401253159587
289.4291862171641
292.3577537124121
294.6573709834922
290.28186932814987
289.87234316518135
636.6159866995981
626.3778210110944
635.8587480774243
631.2508634992614
631.3952019261953
628.8157344654755
633.5622838297016
638.1935244496216
622.3270188302645
628.5848845131936
620.9234390905423
625.3913242156876
607.8681785068957
603.3766683249784
596.8205849503881
600.7459548615567
598.4012984307519
596.6639974681112
596.328052052881
600.5765082267121
603.9093352155699
603.7396059079482
609.2113461898975
603.3469600192406
809.3960211858865
806.0997346338909
784.6691453142537
790.4723679281246
790.813085460075
790.6024530751622
802.0133407306024
789.586156674955
795.8961740611534
793.8520539384481
819.5841390724382
787.2350728615836
116.03200414383782
116.77918832871194
117.2810724251976
117.54331108281701
118.24223899047502
116.45296957083124
116.7121727355012
118.09359340427602
116.647644139577
117.08759989949495
116.73449544513272
117.82208174698188
117.28546249023474
118.21853087041781
117.40196475931248
116.76975000049016
117.24465936922464
116.57766063569632
118.28274656098822
116.63405324733507
118.26637881736411
116.1824676558594
116.46598725158276
118.15254697289592
118.38754323327746
118.10942269406509
118.83616466822325
119.06968006191309
118.77770541392924
118.24578178837041
119.39694690759255
120.7703329819249
117.5171738493241
117.87152750268265
119.25991408914912
119.11614144892414
120.53963748390396
120.91814000468568
119.98868884774846
119.555384072387
119.10594418172911
118.36781939600063
119.14583288829249
120.38358769574644
119.16205745180577
120.49560927607764
118.22526513379484
121.32109911096254
313.09958966507315
317.2278396870452
318.6962588475653
319.1718457483204
316.21181537585005
320.8797199444847
320.8724726980345
316.48540863458516
320.08880739408755
313.5812939017056
319.0969079253822
320.1311685481452
269.78517167921774
271.6186176941115
269.0857939762752
269.82793913541747
269.9609387593326
271.7543821887305
271.4997600628465
270.9714800988872
272.6306284218306
273.32594800293816
272.47841621952483
271.3877417984376
123.8563248773121
119.68532799210996
122.62161148773485
121.3541502748738
120.85303941188243
121.80666129044829
122.25664459594232
122.78562079988454
121.05922171125368
120.79888251478864
120.99228201503088
120.89632709472089
123.92094495091189
119.8120341299854
119.13314413192558
118.698980920401
121.39139296393067
118.69690199690532
120.0437477077883
121.01355771633116
120.55988206307383
119.59991553099618
118.93547874645924
120.34942147977746
120.30342781202934
121.3284746007786
119.98239607818498
120.35551055066455
119.2144174811697
120.1503399159282
118.66434116943178
119.05670431456926
119.25669269051063
122.22992828701975
119.76182993373733
119.588885529597
119.40141942670327
119.23404497922685
117.73233737738924
116.72284481194885
118.10663362892514
118.46357046801876
117.72367543302141
118.64627401810911
118.20511529569329
116.22155038753196
116.9933162918532
117.52405864258355
215.34546548240027
217.25043131586787
218.655427310533
214.20953652998475
218.13710484718513
215.8641750999938
218.3445091770689
221.93127084258097
217.2911807641825
218.05378859714523
220.42180728546361
217.55531866193138
253.93200115821625
254.9694380811029
258.9299267130482
259.7892593397442
255.9130972706172
258.3552500504015
250.74192708054116
257.44823136811266
253.4889446812272
256.6602356000606
258.58564965087567
256.8789561626259
387.423203277794
386.8839430169174
382.37033678851293
386.67688204337963
388.9901740104227
393.900067409565
382.9579539668083
394.050790667828
387.7621881688662
391.16633948187746
389.6780537984443
382.99336768969204
162.10597957396087
162.70708252012898
161.60656529978456
162.71848760550643
162.37713274893946
162.33251627083877
160.89078601303834
160.44477147916913
164.10294038153287
161.91325800345177
161.8844621868188
162.67257714151526
118.16451040124882
117.68985954648926
117.77325202711836
118.32265005294947
119.50137402178386
117.74497021462356
118.68117235451473
117.6224783760307
117.6627519007285
116.58284559740567
117.84559764847045
119.81917554705852
116.1104863315246
117.25631166489786
117.18249876717898
117.60065889067661
116.9437206393149
117.57288587026122
118.1730332493794
116.67827912802115
118.3164741744505
116.84867166684597
117.60043772205665
117.59248253820023
118.13910064331675
118.80965500845055
117.62336691958454
117.95092431125636
117.9722193807192
118.1270829547317
119.10837548417393
115.8540319880674
119.26012308096655
119.09055791686303
118.24473454946657
117.63182424031704
117.7515065509677
119.72079365218796
118.04539128052303
118.55566022022475
117.17563947126865
118.78525691633375
118.85284345103402
119.37848133379536
118.3966844282747
117.2745200605035
117.998743614622
119.1631629689095
119.06732813089673
117.69288185936942
117.77229104410397
117.0133465866278
119.07541664602473
118.34543653242734
117.56641352099372
118.72248067887377
118.65540271426318
118.44268561920163
118.0892008354337
120.01178152871329
117.749916106187
117.19112766956712
117.32343939036684
117.68257374841441
117.45799258108983
116.57146252608973
117.29622803784063
118.67337879467716
118.13392190739116
119.48571991745435
117.51367410562374
119.75056313427491
338.4334560365069
343.9694427085236
342.1397024618491
343.5743785194112
347.97184527156145
350.0859716364488
350.9308173867291
344.9565874787327
343.6380711692731
348.852774129799
343.6276946686872
343.3382112035912
710.278853047576
709.735154629122
710.7484531264863
707.516405467463
702.421478814733
706.7608963210301
701.8504389733201
702.5117045144217
714.6357505043236
713.0943605487957
710.9907751426069
719.954214392405
1191.869246320755
1180.7784623578036
1204.0549110107472
1179.9745119418526
1186.7767578369117
1186.8969851994725
1174.3143040838938
1189.699585285505
1180.666647013975
1195.1034830840688
1198.3005411797012
1194.4635571499489
513.2307990541752
512.9616118409532
515.2104217412319
510.4446779525078
509.715547439973
516.2507196568124
510.06354289968664
516.5723273675222
520.0176880276294
509.93176626007977
521.2573714573862
514.5545404687912
113.40608545583065
115.0115067875548
113.7355570434328
114.52142526741345
113.16491929992837
114.60066679953086
114.11725067009407
114.29043926537197
114.78127935843693
114.43076824841764
114.0440244591492
113.52513573629471
116.25990838449448
116.38624232900845
114.22909733798032
114.76522446609545
114.44152151642598
116.27161351777647
115.39936598473898
115.66260558219871
116.52685202120679
116.83282778091353
114.29389968043535
115.74127813754058
116.45729360631917
117.6262612475496
116.7440170380693
117.08372455537699
116.28002794750435
117.23836573047598
115.25279122422468
117.36356495015158
116.51231935688725
115.41886431945075
116.99323832089287
118.95201393852307
116.22774712882045
116.97649528591786
117.04052712977307
116.51637596745529
117.2801049389913
116.14616923671835
118.13413812101541
116.0740078597856
116.66041735409542
117.6575870902166
115.77190515847688
117.06919838774013
240.00286122684832
250.65160619098592
247.85297688611752
247.32559657843694
245.6197038593563
245.8379821343654
246.2927562795683
248.84033286001136
245.49816151260887
247.58169824986925
247.34539648154146
251.52440341004558
229.83123142324777
234.987519933887
239.45287212453516
233.94014217348325
234.42281117201134
236.59961525027973
235.58372841834236
235.41984949912205
236.3710325141525
238.95344448489823
236.12348759770012
237.1852786219282
120.08434196386615
120.30263843292167
121.23380069963787
118.52585756936598
118.6506518759505
119.66495680209616
118.58324607264224
119.2039768800613
117.9611217841351
116.87664841586735
119.2390483472397
118.52381293112045
121.08059658805196
119.71784524113794
119.65520644780395
118.9320842807025
118.11722029423377
118.17436020237884
117.49603899080489
118.09821131807155
118.34822130160904
118.67886609363114
119.26981576559292
119.73388864176889
119.02942362974918
117.83762972401895
117.30814264846593
116.10363745131981
117.7091433614911
118.7854255609387
116.48245885170338
118.66394630863967
116.25945620228102
116.96995039724608
116.39086937757035
118.43320517008759
116.07875918524016
115.7490392615077
115.13352745234054
115.8761379205978
116.85266499602298
115.2540341050687
114.97267908606388
116.7043000490056
115.97837396961562
116.13720638837636
116.57134524540274
115.25076555113114
194.0376150338745
199.87310247396184
200.09766433499362
194.8704355202296
194.6292170932353
197.36801254937856
193.28251797396865
197.00210354367906
196.22956944506953
199.64340186894117
198.37089451983982
198.76723236120975
211.00926681077692
210.99015361347938
214.44949291935845
211.95923705510592
210.93461904012818
211.2587515406446
214.51026212713427
210.99289168725977
213.56799205415692
211.2744568732865
210.0805147979096
211.62618658020835
274.47965508305106
273.108273109925
279.3887700095876
274.7324053586766
270.1681243887395
274.57759334462173
278.0017804019468
275.8209515334984
281.13077437046167
275.2742452387419
275.00617540138984
276.6047210965199
145.2474163566446
150.30081919356732
149.16819722340756
151.77198202283304
147.59880561204943
147.77762085546803
148.9712448497381
147.81430862268698
146.27628851924345
148.84368475342208
147.44281063763714
146.1704945158321
115.07202625756274
116.37456673649257
115.30924322869046
115.32064612529618
115.6886084777298
114.9769231574532
116.9210121029535
115.93147033609148
116.08524566265034
113.95336771802964
117.20685690168231
115.24785801160986
115.62736732281897
116.02055259979086
114.13476267058694
115.96136855625804
115.42053757796646
114.1623868689569
115.23026406006352
115.38201338528242
114.79457591639247
114.63300219896222
115.21606461172803
113.80476453478849
116.70710417173206
