154.63137000032248
2635.494901237886
97.19789449189037
96.62989099244159
96.598889598637
96.85323751079868
96.53586545166169
96.32041117793669
95.51793037115493
95.63612261933072
95.44776588364738
95.43519215050054
95.34375497250994
95.37563547003262
96.55785342111524
97.0269372763009
94.99146472479666
95.59241646337905
97.16606973075655
97.46129608861703
94.11788711057368
95.14206862029216
97.17129537972761
96.43275112810656
96.88481649091962
95.65814956122836
97.88615810419527
96.06401182967362
97.71674193731388
96.01897141950741
95.47298970039854
97.46770039570927
96.5052691673768
95.8347352119368
97.41099058866618
96.21645244247884
96.95954253686027
96.68489293251955
95.24866838577788
96.88034101955559
96.46685324738088
96.87278719769417
95.27456320123365
96.2293675429085
95.94927871396388
97.77266971614188
97.15838670978043
271.8446244288973
268.2034342183008
273.63807842095554
275.79347496079004
271.87494855306176
277.58960692560663
276.6114166365434
275.84659494025385
276.0028659182812
273.9186172887487
275.45582009081403
275.74769487776734
495.547414395689
499.6962608321406
495.2964604876067
498.6956754122372
491.8859808321877
501.2761334523134
510.6971174558147
498.0117610043554
498.6875933082147
503.08298016051765
502.8392520521474
503.2263736646064
965.0969767389983
973.3555761285784
999.0705411343417
975.6825407849639
990.8942689029942
969.0218520573864
981.7145779617312
985.6028824364289
985.070459384069
969.6763451018983
983.6573756644531
999.5822726710825
667.5372768275173
679.3731181063547
675.0284756473402
677.8070635515663
681.02871068384
681.8976188007545
694.7507431849555
694.643024637938
703.5515733685712
698.7026094958959
722.0949069284654
734.1436520182658
117.09254593402702
117.25575048446763
117.54097785149463
117.22113908219548
116.46774461126518
116.27418271661332
118.10799613427652
117.94451848423647
117.45657026667689
118.00740467428602
117.81622610917711
118.33286116416362
118.99040671122653
117.72397233477672
119.95519193287655
118.21676200084282
116.7427592631453
119.69984723029265
118.81299936675258
119.13131250705736
119.43500568198498
119.86912103347377
119.33826915702288
118.08834100722
117.47240235759745
119.92311611235073
119.87259861745923
119.08721089153838
119.04717617299194
117.98996420130389
118.09340044186432
119.66302956582523
119.559953588947
119.04058138841992
118.13177164046714
117.17006487592882
120.30564541574348
120.54650893674881
119.18280869536288
118.8789366876584
119.50135272673681
120.46716745731028
122.1601098603125
119.515288340347
119.30473521848435
121.31882893321159
119.42672587146099
119.34677703615118
342.08066254368185
345.2316614734459
345.40669212623754
347.7854949675807
343.37423621639266
344.7683113789354
342.7764229800839
348.98594195878013
341.4445276132041
342.7871961536879
345.64124501119085
342.4406112577157
277.02096351802714
281.8825751438309
279.1628095359452
281.0678523195473
274.79933685127367
278.31160500440967
282.27836477417446
280.40351957857496
277.87509100828834
275.69339382423277
275.5975207946886
273.33567008378253
123.79976169371093
122.09569234577592
121.64251806535394
121.86780262621907
122.42786655948119
122.05343773861034
122.90844520826599
123.24548152509253
123.0664237380454
123.12599644036445
123.23961706566888
123.78476005703277
119.08981197953123
119.45891072905067
121.30380087863111
120.5577556284426
119.55384223072387
118.59541050356947
120.26551464067369
122.12698808397545
120.62567530558788
119.43026911953217
119.6475009194892
121.63596138957361
116.85335341397948
120.87228900042001
118.43427491720249
119.44239901799436
117.21326402049942
117.85388704733536
117.98177194614468
118.14355834903172
118.36602577009259
120.00379906614752
120.14278321358027
118.23232663190262
118.03904046029493
118.23853098479461
118.61812383480722
117.74864415933146
117.73848469844464
116.96746174947631
119.13229992157878
116.58577835271234
118.8077190056379
116.91258599550606
117.59989202662601
117.49473776679177
229.13679337389397
229.01486421956656
229.23528276467934
231.81127566556015
230.03412871598923
232.0355191341079
229.99187725109505
230.13902307145173
231.04332683693391
231.4211756657685
233.81465012786109
230.92834946488492
266.68902278060966
267.5724856819543
270.1627637097441
270.5285279416633
273.58341349425785
267.4233861496761
270.76383656338663
270.79172637775775
270.0194789716752
268.2728641451808
264.86671559846974
270.35298771979916
413.6136103626601
403.6462639410184
408.1790754448291
410.9765728564707
415.7910848173441
404.9432074709672
415.37935249819265
407.18390975852776
402.95552252180823
410.3855460091376
413.21473553450306
401.50340002975526
164.79596558300665
163.56651991116567
163.03190677293045
165.5234461651346
164.48844536534062
163.68790144847867
165.26324771485665
164.17080974170096
164.72509149394844
165.7967415413511
165.12150178807195
166.25542217452048
117.79662040059452
117.9315178773063
117.09347080702916
118.5499226765314
118.09730635051349
117.44605199704823
118.04002462082556
117.79449138493193
119.0063069939353
117.12084269032607
116.28999390542683
118.26896451771496
118.0472696124347
118.79358116263444
118.91092795882386
120.68884072448435
118.5340760871464
116.8350483420187
118.59481947107317
119.70528595390185
118.50979402150874
118.0979312363632
118.76814159166416
117.38437132359581
119.51775246626683
119.40445413361017
119.32587236579631
121.16433476586721
119.7664236606735
118.85572191460122
118.02065071712741
119.61960030976303
118.33640929413171
119.90651915303312
118.88978461841387
118.8971027225497
117.51340870176556
118.6151664386203
117.05065388422281
119.49708114870641
117.83398128586975
118.15684559908233
119.04393497066448
117.08582825451911
118.63128091698049
116.63086500976233
117.59259893719293
118.70090383502641
118.04400562722871
119.09592189474603
119.59106926565428
119.44497524760548
118.04725014325749
119.74458086993224
121.13451892528973
119.03826300189402
118.90149442883926
118.18992985348329
120.72347271718895
118.80449043848577
116.57460318531099
118.49068786027996
117.06167266273141
116.78564303058549
116.94915870948572
116.99641412702762
116.51830202927198
118.24274792190148
118.03806099876316
117.09909332314403
117.1841538365108
117.27202041338204
296.3349672563406
293.4040968126624
294.13136563017883
293.2115280093165
294.52219891091124
297.5681033480931
294.75610816142796
293.94180004193845
294.42327142279646
291.01102802092726
288.1472207879099
295.56924027348066
784.8558870835412
782.4188282379324
775.8818535593413
778.8578612911294
779.7013308140189
786.3083743323787
776.869812996201
766.1229587458448
790.2150527705977
785.3404492248567
779.3274273049111
784.8172492088682
951.5130924327162
949.3685938325633
956.7037063128846
943.3529851889335
937.9007923975895
962.1036198182438
947.2191739994652
966.8359671425541
955.6749791777108
950.651072373729
951.7671511772511
954.2973910194527
644.0224045934543
649.2619268917952
642.8159771291467
647.3333116418517
652.9863126842553
644.0775766756552
645.2230086090752
644.892332059413
650.0267535850135
645.8920524931157
649.4171861152082
653.1915730574597
115.79359513775745
116.34586138402713
117.25663131533342
117.89167649470723
117.28301429698985
117.65407178682331
117.78167745685367
116.96709549238491
118.04246517952816
117.5035454730521
116.5299889519865
116.95268006111334
117.59578483754157
117.06660986035746
118.02426578094152
117.99512669220783
118.16609192693028
118.5521482662165
116.53408482810725
119.25774802529637
117.12409565747807
117.29314487419242
117.04375134482727
115.3319261557424
118.28585061212
118.47883131057498
120.26928175841584
117.30395312588824
119.24816542742059
118.84198748741969
118.60648018138716
119.92395370765496
119.07571785088953
121.30173336680261
119.38510439217329
119.69249861177755
119.71579132860062
120.22178157691435
119.85941076239962
120.0835348341198
120.02473122998562
119.7589309881855
118.63871251749971
119.60541850105471
120.54920514186101
118.64151687780374
119.97780012356158
118.78338664102179
309.6809904191425
318.3634929570114
316.4028695745808
314.9043433048503
318.42055080781273
314.62754057928987
314.43423950651345
314.47295415690263
316.9201973979813
317.1364058649968
321.29178571744933
316.1403291492699
278.23771890694036
282.4956762565838
282.1607173128493
284.17282535592415
282.3905892295471
281.8264535162382
285.95827120045135
282.95690608892
279.5264023172521
281.6041991425396
285.761071728259
287.4305691338375
121.55150480018442
122.06217345208381
120.20851849801724
121.17053397883465
120.92461569692776
119.66437758286202
121.72835564460291
119.75066466096676
120.33331759386
121.50367628967379
120.78841897688164
120.79687686033505
122.59381650060087
120.61840450385662
120.59077822556395
120.77305613649399
120.72077256081755
120.15207314916144
120.5881715861801
119.52823266783201
120.17807070416048
118.69399403568974
119.9122972160028
119.63215900591746
119.55836773160068
117.50227475972582
119.48242532627984
117.94845373884071
116.47658904874797
118.20397739854926
119.71982597183637
118.42855310033084
118.13165801257612
117.62642333321969
117.64829729295964
117.70787718060735
117.62806568366024
116.27972289606977
117.93793984465381
116.84861253979437
117.3162622235774
117.08050559668982
116.2574946204473
117.188014961096
116.66875380032845
119.09253321727182
117.09465412445002
116.45941694816118
218.64021151360055
220.53808826607863
220.91724771442028
220.57997182029132
222.10657936288166
221.99533557173257
220.14070870513964
220.02039463471758
220.0239270761163
221.3251730638826
221.7350925291595
217.88597607490604
276.51591786071003
271.0827654172416
275.14546805840814
272.7329506096842
273.9352012769609
271.1674041485736
272.11681583761884
270.5803002213924
269.7989643616903
274.57172896041214
276.56881497721184
270.4466953152804
355.57788987858703
360.5825893880505
359.7283092438246
359.23177641767285
359.1961314755259
359.43244744848386
351.98037820407484
362.7308047382704
352.7949121716065
355.21466942922586
357.6579962580825
352.0931539290887
163.59593242419731
161.95215707158715
165.3368649991471
166.01562228618832
164.1716099947685
162.57017671881434
164.38664623799582
164.5716011403016
162.38448857132232
162.91733422469778
164.23776652566863
162.82352388878323
119.18746139879114
118.31724675806423
117.91078829803664
117.71257433675072
118.64483334092373
117.86062146163881
117.96295039784383
118.3544181526567
117.02365801705709
116.90251193649567
117.78914675074955
117.21822085192409
118.50633670529959
118.3115572206856
117.7192374098531
118.08435655939957
117.90689066576603
117.83113935364443
120.23678017786723
118.05749721945936
118.23444200499848
119.11987046241762
117.82848129898282
116.66716752961726
117.92558203391043
117.65282974930273
117.9623516333573
118.69468622633194
96.7503963659614
97.69315973287678
97.99988871701972
97.57159955437614
98.79198249660467
97.82676692217584
97.02781975306543
97.9648542324554
97.2400098822297
96.16955377774886
96.68122049123089
98.34291652404922
95.88389810922735
96.44134749705049
97.06623357069418
96.68089170435093
97.93125967944074
97.71596949409316
95.7708397045943
98.72264234510207
96.04121835843631
98.23301562617462
98.11025006539877
96.91942101710302
97.57439926805343
98.670142276181
97.33523853329154
98.12946378731405
97.36917709261637
96.40137637081678
97.89386595352812
99.50859321286869
96.4849358368878
98.94175120628965
96.16556706559723
97.86957412187641
98.2999905543508
97.47302226490267
97.94475507455016
97.85536292259944
97.1437460439741
96.74015111936248
97.55061322447055
97.45811633147882
272.57058495736817
280.74010312479624
278.0920224263
272.9828264182806
276.05665030536943
275.6124421210003
272.5091145587595
273.8920661463881
275.59530572323484
279.6331681770837
298.81457541079675
297.0534208624376
496.0424217956978
500.14611433920015
503.51582717358536
492.6967578059782
498.7917555388247
499.27140453285125
503.78336325886346
510.388896165373
500.0465110475162
508.92520438879006
501.89087637580894
507.9005973197033
604.213123948589
598.1820472635899
611.4261206110235
613.4123908232259
614.8326643501364
614.4170213552999
604.77581753987
605.4409457974492
604.6073270365092
602.863061414444
606.835119959892
611.1705705542903
457.1552199549936
454.8534819544865
457.29559845085424
459.9538737376983
453.8934901991801
461.7741378685785
453.0154240111818
457.198349724034
464.4491462119164
459.051367814681
461.3479025664063
449.95384466993255
116.63637114733862
115.07789380180589
116.9823891056118
115.99869732288161
114.66937726266914
116.51616931492143
115.8371888989374
116.48826781836256
117.67998831556746
116.83958296582328
116.13526636025935
116.89663272810508
116.60775549977028
119.33518038347401
118.2453017792049
118.12206335757445
119.84390179960712
118.26734408172752
117.95168961417082
117.59070034694302
117.52309096377512
116.87783913828245
117.28239966504724
118.4150695095426
120.55334939990641
119.58031525723456
118.21534023928587
118.34073293396511
119.42328776149655
117.29983811069118
119.32876061382403
117.99849226995859
119.35387967264785
118.64350141049522
118.5184904524217
118.80521001119337
119.83033614492534
120.6270594283539
118.41017982583035
118.88678152933188
118.67910243217153
119.52163160167517
119.09767370995402
119.65688579407612
120.31531911736685
118.9263121247448
119.28762811959315
118.91203499029028
343.7657083699547
343.45019254019377
341.15371576507584
346.1397981470782
349.43533575386317
344.01845536365266
348.12614483875586
346.7872563179326
343.69924052174593
345.3049217937625
343.57940332999175
346.9506793988836
257.07234350218954
258.79077600238446
261.1475087884111
258.5545193523912
262.09934304446455
264.3307137675941
257.9978485124369
265.10101520740955
262.4102241310711
261.5948049802016
259.9005308332483
264.0517919776259
121.24933104720914
121.41901623396714
123.1666056078546
122.17514155181051
122.91496986167304
121.16888605012316
123.10471649133835
122.04104176081096
122.64657387054977
121.90979932376924
122.41110741482031
121.89914259469097
121.23573274237124
120.99245896575266
121.13837284932453
120.3459253275529
119.4723638107908
119.95808185279891
119.12828708402819
121.3989293207495
118.52581874481498
119.46555859202103
121.42175460354773
120.91720881710538
119.36198762057556
117.68784527178796
117.32485521587367
116.99339454226285
118.36865826441326
119.60654058355243
117.96981368329457
117.78185781784012
117.75280679443046
118.80685278858543
118.88614972064148
119.1065960028403
118.00532734362372
115.52613699542006
116.50717658457015
117.84573126021851
116.11076164262494
117.49623155184638
116.60026446500417
116.25268954414626
118.42392335295888
118.2867038528839
119.65489613865977
117.92266632706726
228.56879689997623
226.56763454163527
225.1328844334013
225.39140074357024
225.37930027499263
227.65997795020118
227.01985631343268
223.36328554457296
222.62496109006292
222.71574332296862
225.44789466244566
222.46547396088906
244.43383799453576
241.56102655752284
248.2840625545539
241.99898461275706
246.5345628481415
249.28066293499677
242.96350292362624
240.64584675431487
241.28607202752738
244.3789869134153
244.12043883619404
241.45349224785912
348.21791648836466
346.02933179631424
350.3061817929032
348.87880623208554
347.1757325169689
347.8106418801812
346.5362983297235
350.3806272969174
347.8935107052421
347.27614066337384
343.5978144066547
344.35285974141857
156.5991039669187
156.62144349807093
156.62961596414698
157.13879098405735
158.01677943838658
156.8146126435202
156.2860957514415
153.12702003723345
153.2882639354666
157.46706887236348
158.33587580166883
153.2425868722883
118.11825373717937
118.09758321706944
117.24089220342607
119.68745585271745
119.25577194863588
118.97441151369875
118.74402758982457
117.87706658344221
117.47428815406937
116.57222742975387
118.00437865899687
119.41945889678392
116.52817539625644
117.82071090415862
118.13994829042694
117.186681424163
115.99226013875911
116.24254325423856
117.01469412119629
117.99994051206336
117.14905618118473
117.34668468315147
117.06395609186974
117.3195614555352
118.09891302111018
116.83872699454268
117.28480554284964
115.71278928914646
97.51716035131646
96.39195948897338
99.14622806422626
98.19540849398787
96.69498217072942
98.70562780057799
98.90742393313944
98.10412203292327
98.44828841466678
97.58091538103288
99.02268883744425
98.1310899086536
97.23649719510958
97.96380035150032
97.14302514700529
97.53936422041794
97.61799224577595
98.34698034875763
97.5709860073315
98.8339765798731
97.91571439719684
97.45889352650379
98.74084952174148
98.3549337016352
99.11790570948938
97.58571705732396
98.57981260056776
97.2357409358318
97.4518059137548
97.03504629293322
97.54528672124482
97.87375884361661
97.14551185745927
97.12990816092662
96.68543719698732
97.35656808211574
96.33577030021179
97.45284313462075
97.13717289171935
96.54518366279783
97.27707898806601
97.18292769953868
96.83095230416431
97.32843241511316
264.2606506372796
264.37669984778864
263.34839744984396
263.871677054584
263.2396616954646
264.9854646525294
262.5842515615988
267.7918451663272
262.7307355654668
265.58488197423424
286.55043920599553
277.3895067410914
501.2650331484577
498.14683352861977
501.6944409156384
500.18128754408207
503.682099717099
495.9174161548213
502.38263496591975
495.4568163938254
501.1592283834632
501.7493178796859
503.5102770587718
510.2514457140244
374.8032290071589
378.95320000630505
377.6817253903147
376.5420711776309
381.12805084654997
375.6876503435198
375.4072045584647
378.8710078007359
381.44730764137455
380.1358817572544
381.10986235027127
375.680532714795
654.8594142768183
665.0699761041291
665.3199014397153
664.2606644754957
659.1959102462458
667.6347946331658
664.8567468376856
679.4256579160922
668.3528141323809
674.6961728769674
678.6141552249983
662.1606754707946
116.45879536915183
116.60991202392275
116.54404173650506
116.8740977897532
117.69211286715672
116.28476813198837
116.73848389755294
117.13956787190939
117.00498189154658
117.53448729419127
116.62299494120573
116.13664344351557
116.28593067963016
116.83592619140174
117.56120411644154
117.11189095957954
118.43205382252067
117.46177728177618
116.74491622342407
117.90161533104161
117.92666401530833
118.66047575960103
117.04713865894497
117.7667250641535
118.19405174316944
118.8645753803368
119.0598321635363
119.19493023049928
120.30657249123281
118.86469136737828
117.80756303048581
117.06326520163132
119.41803889912832
120.19613023416775
117.89855592699365
119.67381149013777
120.61158113844846
120.4149796960965
121.22185267401709
121.34568959162696
119.80516013406435
119.32529865449702
121.9206827518535
120.57126380039217
120.46099513961514
121.05509545462209
119.88031406205344
120.22519062264311
310.3781671027639
313.98122700620934
315.3115420044619
309.0589195244846
309.78015046967477
316.10034445967807
309.82720460263005
314.35494444618865
310.77452762766416
316.2635692085434
310.5321721651365
312.38515412151787
259.4814736462699
264.4705931399145
262.57818427063665
262.1821358151287
263.7447081074537
263.0777314579213
269.6203317387644
267.6440148761479
266.6136627939277
262.662112330034
270.24621728938115
265.8970924382759
121.10760659683851
122.49056561150417
122.74848732822164
120.65699566506693
121.30855457904032
121.14199929879017
123.63608661577983
120.98934398384152
122.46968370719026
121.79618415072322
123.08494562797317
122.4250740070673
121.06287759201443
118.81428510223837
120.62874146546663
118.89353925290132
118.81296000770764
118.0677344484572
119.50460918107605
119.4534360586538
121.26541457617434
119.92460775053729
118.62405600227243
118.58189449922858
119.5649708340897
117.44165086757138
118.80425871183711
119.49911731942477
118.67442690997673
117.73351869836077
118.16535834329322
119.89485077489961
120.28395352173756
118.93115443021071
118.44143927280939
117.09394779397101
117.63276701336976
117.30399113015812
117.06866494839892
116.35975028607898
116.79452720313027
117.80664232931667
118.80533960719512
117.0436140894988
117.90723901049482
118.96528355202709
116.88049900625793
115.83082526483892
232.2989870988323
233.36214137315184
230.9989525533804
235.02337394994925
231.1229138936777
230.35783845892988
230.96062652138772
230.7598594865907
231.3761939618193
230.57051889081302
233.97973161692522
232.20589141570107
252.28498450497096
258.881729725076
253.88589452197476
253.7134761517174
260.200575342474
253.86649388555284
255.69426475011005
255.9875266791911
256.9964750792638
256.3470335645135
253.28650654747133
254.44788302161396
374.2734946901854
371.2485941827812
375.37872632463717
367.4037264256667
369.6051012428943
370.9411998520286
369.86765606107775
376.3899243593445
372.7480571856996
374.7497443782611
374.3146637833977
373.42429725231125
156.8033244067309
157.41083398732812
158.03028073901658
158.7254523595858
159.74131850036719
159.7766436684621
159.38740385722502
159.88217830389766
156.8969277343681
160.41235561423093
156.09232319258209
159.17424616226484
118.55349053235331
119.62359791637726
117.14550361002159
115.54698867682706
118.69532591710141
117.33702159773702
118.89494911789991
119.35082025099697
116.92424098409914
119.68353501283708
119.11645430238374
118.62888895586453
116.96068248387492
116.8398879246673
118.8639688697545
119.25822120473939
117.922759539751
118.39077253913226
119.05404573970229
116.8627160516886
118.59225553126107
117.91892475790492
118.29070950977234
118.24069460307057
117.26692087050702
118.32378485020575
117.7480071216041
118.32303973756018
97.40187254078923
98.00420800072665
97.70069568866444
97.99405335191128
98.10377760513438
97.12093494772013
99.96508422030846
98.06076236281741
98.63307089451634
97.09385578092113
98.42095257853656
97.9830878147896
97.33614786329386
97.4106060195827
98.25915743504872
98.14303816830761
96.82933077930298
97.31907564180558
98.7613598121285
98.56157636054724
97.05995247380986
99.63330011212796
97.9819945102329
97.72570771760232
97.18075184839184
98.98939499634358
97.84202025112722
98.2135907611765
118.53301398182303
98.08931742974069
97.52750206911571
119.34460578716048
96.86432678244441
96.22630393151354
96.92991363658642
98.21329345815431
96.5437301217009
97.82233206619259
117.02808954494625
117.09896014585048
116.87210709563692
97.63743494044117
118.57068925880188
96.94365617117597
270.10839544451915
266.66795306467947
292.1417894883425
287.2169810487238
287.4092229412909
285.6162806172693
287.0484415462404
263.6151421007275
284.61728476843376
286.29764607172905
285.1618185499927
285.9705114710065
539.7161863351979
538.7748356722044
551.7232644699025
541.1462201181482
538.6459537198793
538.1705002439778
542.0692066577134
541.7493762761441
545.6892411146457
542.2583073220762
544.8519852242723
542.7920476534272
795.0081653973842
801.9513589728679
800.6272493749452
792.5858390102189
800.7967511415915
798.8838890627968
797.3036655175152
796.5132963534018
802.2938746039875
802.5472299719173
791.9149173654165
795.6587068569106
680.7550174071828
672.3069189937021
683.5775325733815
673.368815727119
678.8881066408463
670.7695636346782
676.177523189903
669.2481075461064
666.3194500067689
678.036901082971
686.4277373818152
682.5042178724143
116.71931648501683
117.16882247243325
116.37584062324632
116.29243457564168
115.50756855500582
116.53434214528494
117.21267556678069
116.59641421946186
116.24352456906115
117.02106788586894
115.66547506361178
116.41533783428005
116.53611154275873
118.59263312412925
115.27865539295325
116.54235204470977
117.72836315778949
118.20114503105754
118.60751739872163
116.21015302503427
117.55734101252592
119.94506198480931
117.36522946164403
118.38026873587533
118.83285908516636
120.37880219743897
119.01535158604757
117.42408002322384
119.82371405964041
118.81926010758006
118.36590182361267
117.8241691645322
119.72067437883355
117.07932654325232
118.83127733794163
116.33551848434223
121.34087378748858
120.85817115587605
120.33576186954703
122.14356044534775
118.96770311144887
120.29606712410533
119.32859535522276
120.61807877772061
117.38127025165804
119.93592632436416
121.26978262027826
120.51104989497505
302.54705313045463
306.2585987986036
306.1248101384399
305.0347855200121
302.23706149605954
307.2022579718662
307.12991131269627
306.87071527378953
311.3668495826342
307.7379837648955
307.7959980020508
307.88384167629
260.6137011001036
261.75903465343293
263.16642056413525
260.89593094437924
267.18098795644636
264.48895575729927
264.2252928877783
262.56356832071526
265.6739661008417
260.27477993669334
264.43144103181936
258.9730892969627
123.21581575090279
121.78092458531756
121.82378517328037
123.65423068804469
124.30043369601529
121.71356050678763
121.81181675704033
122.48090517425003
121.90040774635679
122.42370778070817
121.29410857382885
122.35081378356973
121.30800358203696
120.6831785267558
118.60983056281033
118.90078171587096
120.11054759882052
117.9062596810215
118.05544828513162
119.31946207806548
119.2511195552297
119.72768418299536
119.34273732562448
119.6629590802419
119.41172848729447
118.98007552657252
119.05877405790883
119.29499519626712
119.44818517363638
119.97482276918944
118.96827687379574
121.00498411892731
119.20905577981529
118.20057769000006
119.42141072560824
118.63791309403915
118.18629459281179
117.77706799777692
118.34277969487229
117.70996278432266
117.48321063515337
118.32590024045476
117.91847752680708
117.17333709833761
118.2422318985629
117.88172185454107
117.7298960584268
117.45935168994988
226.95231751080635
229.38123436844577
227.78397056370605
228.95925811015215
226.20820968307837
227.70326063981852
225.35475240286118
227.17536647075215
228.63344263693847
230.56033824174415
227.89207876416887
231.02040356746843
252.08101426881476
250.58955308418913
252.79576072097663
252.05252818352875
256.7478255440197
252.4402774470266
249.27847420798852
251.4785053734576
252.51596874142766
250.06121478834453
248.66217890136244
249.52307501939652
328.4356789848419
332.55635404090697
327.97683982532556
326.6257933546526
324.2933714058548
325.67739615905026
329.7784328094821
326.8641309911173
328.1117779943854
327.54116638605325
326.56715634370926
333.7383689867973
158.41768935719898
156.94907985192313
157.52519907856941
162.18820845668398
156.1228428476721
157.9950460133217
157.0724242512257
159.6690244480644
158.05421763798094
157.4408307120421
159.93528207311348
159.75018961595683
119.11703331900279
117.0250676819419
118.01949866539408
119.20398047358972
117.86659253521033
118.2955477776486
118.43362699407794
118.66015650820256
116.9756211152434
116.74549656068191
118.92155570341271
117.65065864441912
117.16954013304273
117.34820404828466
114.90104688054798
118.50907279256423
117.34190367603101
118.51470963518568
118.5586889690649
117.42737370506296
117.5751508812452
117.88160650627219
117.83267470190391
117.70164663263348
118.1272557916773
119.52116476601829
118.67720975403428
117.94959626329452
118.00555692407616
118.6804237148575
117.13131965353173
118.87114677072232
117.790236049745
119.7462671881519
118.05782214828106
118.2636716980352
118.03991907240741
117.78439845401734
119.12429203963237
118.7670860886147
118.45908064467211
118.48253394416615
119.20621791838308
97.28126635058007
97.78271681842669
119.01412896033676
117.82226760187974
117.19386123037967
97.97568370116302
118.56447189468008
118.21420174199409
118.20180967264746
97.29631965781611
117.04126693876792
96.90128369929661
117.27888436560156
96.91926708084532
118.49635221890065
118.11977563674796
118.69770176598787
118.16164730514454
118.40214559650809
119.21345527462059
119.36267561387697
118.83788995614296
116.31545151006517
116.8544717859217
118.7648428985525
119.36798650954391
119.03883913034193
118.04725875022235
119.57665764495596
272.8994983219255
270.88181642712027
288.8898882953276
287.5901087639243
298.0592048189991
295.44211275516085
289.92064046068316
290.8097321408101
293.73701952936324
296.03539732271753
291.6630711848901
291.2541455486582
640.5632692094861
630.3341942891984
639.8086499485388
635.2055103937374
635.3506403932159
632.7740646144129
637.5177179057811
642.1454491852073
626.2920110663257
632.5467557907053
624.8912428061433
629.3574529610539
611.6650158861298
607.1774423383371
600.6260840963826
604.5503154477385
602.207890096485
600.4724378527393
600.1376040061084
604.3845680141477
607.7158347485404
607.5465949217872
613.0144673652479
607.1543942705703
814.6865898952022
811.392260794639
789.9747533201274
795.7737017016177
796.1114348259642
795.8963367071233
807.2920200959315
794.8617420917001
801.1509198425236
799.0814772527259
824.7483289514006
792.3527955712046
116.09284240496368
116.83858833853577
117.33919283969772
117.6002964453708
118.29817382873243
116.50811096360506
116.76649478882769
118.14710936480799
116.7005858143734
117.1399316908542
116.78631401189698
117.87336524710737
117.33128112823407
118.26394058370809
117.44710373873654
116.81463583398222
117.28926466121445
116.62206790655422
118.32685389369985
116.67806176046956
118.31013267336982
116.22617823288519
116.50955595237885
118.19591077737655
118.43317333713784
118.15496975989672
118.88157884035593
119.11499950808607
118.82297481773786
118.29102534939057
119.44206469172724
120.81529564017363
117.56232006446666
117.91662909793827
119.30490628237268
119.16112353251938
120.58724441850681
120.96569987274475
120.03631430813607
119.60303879189304
119.153632953926
118.41556363437141
119.19354005120812
120.43121393684706
119.2097882386977
120.54325569176154
118.27309141924471
121.36871397847402
314.2154326156801
318.3414169404182
319.80887952814027
320.28400692410406
317.3258404293567
321.98986285209185
321.9819095354774
317.59725768625304
321.19701190640404
314.69277347410446
320.20330563208415
321.23505301156166
270.61613813017027
272.4465629381093
269.91388093659367
270.6536804562997
270.78464270178597
272.5746543024126
272.318013154233
271.78781574148525
273.4432214530486
274.1353719729198
273.28580315836587
272.1931575859131
123.8998171224169
119.7290696910189
122.66495233987463
121.39747965584955
120.89628870956288
121.84970600424475
122.29953071616107
122.82834221972692
121.10200533677295
120.84159440291575
121.03488836717413
120.93885706889057
123.96422958623268
119.85562695002353
119.176717241787
118.74252040251304
121.43466412596757
118.74031942246184
120.08701749725962
121.05669384766718
120.60300286976155
119.643061912134
118.9786282820582
120.39242721634928
120.34801879815247
121.37293838549489
120.02693105155613
120.39998158007825
119.25894010972381
120.19476514423137
118.70884260226556
119.10115697518052
119.301108752311
122.27407017627252
119.80615606291478
119.63320323150205
119.44168365279833
119.27428582082658
117.77265841743281
116.76320847185929
118.14691372146058
118.50381727878172
117.76395662234698
118.68648972048354
118.24534934321593
116.2618828157593
117.03361011464314
117.56432058635691
215.88956086125998
217.79384642466425
219.1982107080735
214.7537626413092
218.67994127562494
216.40771365946648
218.88702139952005
222.47194857184363
217.83368853371968
218.59582641533981
220.96260742923735
218.09709063027427
254.65750117079014
255.69416672324064
259.6522461824707
260.5105938939097
256.63600901248213
259.07641934356985
251.46594885694265
258.1689366116242
254.21093767894405
257.3802366626895
259.3039924851827
257.5975219887633
388.79836678158347
388.25803741192027
383.7451572039189
388.0480403959908
390.3581883911868
395.2628278968099
384.3246730685112
395.4088065321594
389.1214244079637
392.5207416806343
391.0302883489531
384.34587810664385
162.35888829598693
162.95919118455075
161.85833465915547
162.96932571461164
162.62743892078154
162.58221707128877
161.14025449068504
160.6937623853142
164.35033976548792
162.16069694192424
162.13133144765075
162.91865645491137
118.2033236968284
117.72861348528244
117.8119161931258
118.36119703652324
119.53975628288525
117.78338559447884
118.71945101360333
117.66074510688176
117.70094265157321
116.62102253487205
117.88363796395957
119.85701105714362
116.14761298459518
117.29331923918693
117.21944761161527
117.63752276248393
116.9805598073758
117.60963190891682
118.20968421177659
116.71495582118679
118.35300264445716
116.88522802468657
117.63690004873636
117.62889182450697
118.17542439602487
118.84686841810478
117.66060047746043
117.98808780150055
118.00936725666821
118.16417158418838
119.1453500200545
115.89114002169657
119.29699389901444
119.12739098326736
118.28157528614489
117.6686563093289
117.79001655507521
119.75912834103227
118.08379125746804
118.59398455500717
117.21400142975195
118.82348178312154
118.89102031573506
119.41657847457684
118.43480463711535
117.31266589317634
118.03681035121086
119.20111486501305
119.1044203345568
117.73002239921304
117.80939087837814
117.05045315499703
119.11236314787753
118.38239407361701
117.60338266309213
118.75934439749207
118.6922353003768
118.47949712797623
118.12600057142085
120.04841421562622
117.78739781663951
117.22481277638101
117.3608817509156
117.71996562737358
117.49536689519853
116.6088541401142
117.33355429355115
118.71059244180147
118.17113910149133
119.52281569965378
117.55086641700885
119.78757909856057
339.4416284866531
344.97464202606824
343.1449958961095
344.57829246851094
348.9727251278158
351.0847737635817
351.9282210899893
345.95646520676974
344.63779719003094
349.8489788716966
344.6257548609942
344.3356354448676
712.8057629877603
712.2603062172519
713.2708458149461
710.0386047051186
704.9444101633021
709.2793246607182
704.3693947178158
705.028176535954
717.1426393923654
715.5997519282209
713.4950081006051
722.4497208542272
1196.415402960462
1185.3263765883064
1208.5842515675329
1184.5130782911222
1191.3067462972522
1191.4214125066217
1178.8395422481888
1194.2105359230118
1185.1755473458488
1199.5960603426895
1202.7813898507386
1198.9360460738249
514.9023413626326
514.6289275397493
516.8720820604076
512.1049933601813
511.3729228025542
517.9008334517299
511.71455638068727
518.2174019181772
521.6589811110554
511.584889348517
522.9137529128623
516.2720822804667
93.5550301529315
94.88675181730967
93.8283073121711
94.48018959617497
93.35500510477745
94.5459249307082
94.1449153756943
94.28857785000369
94.69575603210673
94.40498537525596
94.08417421864172
93.65377384996752
95.94208241909071
96.04694081587492
94.25675457487907
94.70162717369995
94.4330178011738
95.95179771123
95.22787551118114
95.44634160877962
96.16365051276917
96.41762670376309
94.31052504979142
95.51163465170517
96.16587332468869
97.13710239463482
96.40407938696369
96.68631754192106
96.01860858641531
96.81480249990385
95.16530259989713
96.9188276077014
96.21158718243615
95.30324733242422
96.61113769550897
98.23880917113064
95.84130053733698
96.46209993785234
96.51519280797844
96.08059977044698
96.71384622527646
95.7736668773022
97.42204911781785
95.71384079190047
96.20002661756071
97.02686092812836
95.46338612469329
96.53896612448673
219.8189040322127
229.79093222661518
227.16851216178344
226.67446760477316
225.0766886627905
225.28110894309765
225.70703337454862
228.0935686403395
224.96286585246668
226.9143758930429
226.69301520553378
230.6090135569957
209.4089371547336
214.21436740940263
218.37941698684085
213.23790249355142
213.68786985044764
215.7176687447015
214.77029027823062
214.61747877054032
215.5044861433763
217.91341422810598
215.27362857704026
216.26391383934705
99.1113574716556
99.29263545129552
100.06596066758276
97.81733446207345
97.92094100472613
98.76310821289326
97.86497921784101
98.3803451592637
97.34850462303568
96.44831197497354
98.40946492557255
97.81563698165075
100.17846543085629
99.04287277837223
98.99068185201786
98.3882149204974
97.70940427218626
97.75700072937154
97.19200221648362
97.6935702602814
97.90182660351584
98.1772649190224
98.66958538105726
99.05624029761655
98.42922990122314
97.43700985535457
96.99625283473576
95.99374024401982
97.33005130608697
98.22607463259705
96.30901264306551
98.12493291509739
96.12341730931114
96.71475436403166
96.23278590932081
97.93282720342167
95.87334247834106
95.5993559313044
95.08792115590676
95.70496948872888
96.51649122841603
95.18804750304344
94.95427863982101
96.39318779537952
95.78992478498591
95.92191274739204
96.28269388101342
95.18533170864748
174.11194865793482
179.46955841989188
179.67587221301847
174.87613379601586
174.65478004116346
177.16874528540814
173.41920670441547
176.83278357758655
176.1235680639665
179.2585343082626
178.0896907764569
178.4537051388244
190.96173870258826
190.94405486026739
194.1457931202125
191.84075194237798
190.89267375006975
191.19257225674053
194.20205688858616
190.94658816670082
193.32972353958706
191.20710386355404
190.10252046622094
191.53255929118873
254.45646322895715
253.16001453951876
259.0991379833181
254.69542704969203
250.38126083958417
254.5490584883652
257.7871427426096
255.7246828681987
260.7472678450374
255.20773700119355
254.95427251584073
256.4658480229977
125.46986489801066
129.9243001884196
128.92530491919214
131.22243342101885
127.5416634681169
127.69927977273977
128.75162567103035
127.73161922708877
126.37621008096933
128.63914466637266
127.40416931859565
126.28300130237945
95.00845672989973
96.09033614354769
95.20547133394878
95.21494190080557
95.52055826541489
94.92947320867293
96.54427300202272
95.72227995357922
95.85000998106472
94.07947723020035
96.78174188984052
95.15448870742912
95.3658265094692
95.6918977138971
94.12816240578961
95.64281483351802
95.19430843129949
94.15106599733824
95.0365243497338
95.1623619527685
94.67524626313046
94.54127286787607
95.02474964308568
93.85456327998367
96.26130293422304
