17.64790993
16.11335613
17.50767405
17.01782118
16.97150948
17.16227089
16.87875388
16.67905722
15.98162446
16.06301686
15.88352739
16.48959427
16.39514
16.4059211
17.38470835
17.75701739
16.02874647
16.52672326
17.8261281
18.05319345
15.20805094
16.08194524
17.77284209
16.93842045
17.30070871
16.25543198
18.09513516
16.57120381
17.92999588
16.50550437
16.02738162
17.68676371
16.87523395
16.29623671
17.60210474
16.91957011
17.65913904
17.28856639
16.06100307
17.42869349
17.07240533
17.40027962
16.0377697
16.83996873
16.59237808
18.09978261
17.58436692
16.22223795
15.18583242
16.49759153
16.95002249
15.8653953
17.22101463
16.88946923
16.60942536
16.56121921
15.94249173
16.24876222
16.23640497
16.3517124
16.80348025
16.10198847
16.45467534
15.41111063
16.58465167
17.71965456
15.91598595
15.89477764
16.37872197
16.23055081
16.16672496
15.0938651
15.53363241
17.13617132
15.39663977
16.28484351
14.59219016
15.30688633
15.38505637
15.13961866
13.8097105
14.56606395
15.41278365
15.41983308
16.34876039
15.57090354
15.51141816
15.46936838
15.1419975
16.03019847
15.4970031
15.82574918
14.57159864
16.0860443
15.897007
16.29991569
16.40176215
16.58366449
16.34234303
15.79356761
15.64208191
16.92307923
16.79706872
16.4444823
16.81974947
16.67671996
17.02738039
17.10563405
16.21594437
17.74865348
16.54532978
15.49654597
17.55470815
16.93950294
17.15276806
17.35511142
17.64535893
17.27733559
16.40571739
16.89355817
18.57236314
18.53401946
17.99743288
17.96615496
17.23379494
17.30206726
18.3739607
18.30068599
17.94390879
17.31475419
16.63868289
18.35761895
18.51600855
17.58885093
17.3770371
17.80068364
18.45103376
19.56836257
17.80131833
17.65482074
19.00759186
17.73286089
17.67572352
18.52536506
19.19329776
19.21093384
19.70346019
18.72961118
19.01750421
18.56528243
19.89531184
18.2413416
18.52732401
19.14166106
18.43108619
19.14495419
20.44457071
19.71349763
20.21831567
18.51166866
19.47404455
20.53218504
20.03385714
19.35332382
18.75809716
18.73578501
18.1113956
20.11040074
19.00595268
18.70743311
18.85682043
19.22500961
18.97954332
19.53819262
19.75613718
19.64020554
19.67845486
19.75149199
20.10131925
17.46168877
17.71442635
18.955468
18.45756694
17.77793382
17.11835478
18.25972299
19.49497915
18.50053868
17.69075196
17.83841906
19.17021289
15.8840742
18.65864701
16.99691747
17.69136111
16.13770662
16.58944483
16.6785152
16.79107084
16.94556731
18.06955053
18.16280276
16.85004553
16.76599338
16.90465078
17.16780688
16.56008744
16.55222373
16.00559024
17.51975816
15.73114487
17.29470221
15.96345267
16.45023303
16.37528002
16.2751208
16.22781609
16.2992375
17.17641301
16.56468286
17.24226073
16.53999516
16.58578166
16.89068334
17.01452965
17.81539311
16.83649056
16.18218038
16.43822818
17.18875512
17.28908052
18.154426
16.37294857
17.34155774
17.34459291
17.11678369
16.60309269
15.58664606
17.20011004
17.65861769
15.76094657
16.62837578
17.15220572
18.04059051
15.9926854
17.95649051
16.41527493
15.59457058
17.01727732
17.54347537
15.30102446
17.02569056
16.42101969
16.15471409
17.37544914
16.87098104
16.4761804
17.24560406
16.71117983
16.98102856
17.49883838
17.17063808
17.71571916
16.85818671
16.95228358
16.36156503
17.38182211
17.06691741
16.60974309
17.02612544
16.85390698
17.69441427
16.37795608
15.78406913
17.18348176
16.59146885
17.1112332
17.19191877
18.40247831
16.9293937
15.7294662
16.97064264
17.73483917
16.9103674
16.62210937
17.08874721
16.11774142
17.60400794
17.13570351
17.0809436
18.32907376
17.38238391
16.75347658
16.16823241
17.27999449
16.38908193
17.47528385
16.77417824
16.77866869
16.27969407
17.05148655
15.94984263
17.65838203
16.5036697
16.72972483
17.34545341
15.97206598
17.05882974
15.64537092
16.33013723
17.10555675
16.29252067
17.02607244
17.36657621
17.26563564
16.29242062
17.47002972
18.40965228
16.98259602
16.88720232
16.38977272
18.13160127
16.81807309
16.23268079
16.85060782
16.57818104
16.38170976
16.49745553
16.53050916
16.1895715
17.40415927
17.26130618
16.6013467
16.66105732
16.72266265
16.87007655
16.07979482
16.27220773
16.01927701
16.36918465
17.17578606
16.42342166
16.19988119
16.32552782
15.39172695
14.59038045
16.62100706
16.99576795
16.74953225
16.09144253
16.38373299
16.46169758
17.10830706
16.16538501
15.06449031
17.47048083
16.9870568
16.38406411
16.92130155
15.65729936
15.47260053
16.06741219
14.95495413
14.48666652
16.4808009
15.251124
16.84143604
15.92776328
15.50339884
15.58420472
15.78037973
15.18854736
15.81630449
15.01406431
15.55555802
16.22427301
15.12525749
15.25067035
15.19300476
15.80037108
15.27542358
15.68307269
16.12016903
15.23427292
15.66971378
16.32244037
16.76684821
16.34270771
16.60137608
16.68872895
16.11731762
16.86698845
16.49020016
15.80296097
16.10111836
16.8836142
16.51178677
17.17644323
17.15387281
17.26943936
17.53211845
16.12423247
18.00834043
16.5357255
16.65238014
16.47570677
15.25337275
16.95722402
17.08813742
18.29995758
16.26624348
17.60769631
17.32840612
17.16478672
18.05799576
17.48145415
18.96905075
17.68697704
17.8928501
18.24363983
18.58032513
18.33576441
18.48377105
18.44235533
18.26205776
17.49999646
18.15509565
18.78430701
17.49617678
18.39974908
17.5896737
17.20822206
19.17604723
18.72312368
18.37154945
19.14939935
18.28513109
18.23236689
18.23375722
18.78073544
18.82303796
19.73704007
18.58867435
18.23717734
19.32778448
19.24299418
19.74873525
19.30356898
19.16508554
20.20119018
19.46038416
18.59747272
19.14023853
20.18965176
20.60859089
19.88809689
20.21995993
19.00858804
19.64397319
19.48396079
18.64905687
20.01008002
18.70854872
19.09747635
19.86632139
19.39892158
19.40485245
19.74955049
18.45699092
18.43908644
18.56060117
18.5261937
18.14702027
18.43857209
17.72708576
18.16515666
17.1584216
17.98712331
17.79820471
18.28553759
16.87654349
18.23446667
17.18650434
16.15514741
17.36322884
18.39431675
17.51730838
17.31287284
16.96271335
16.97785281
17.01916733
17.32651711
16.38062116
17.54055237
16.78196293
17.109077
16.94417851
16.36387156
17.01898919
16.65435676
18.32766403
16.95272868
16.50551566
16.08912605
16.73955662
16.86647069
16.74983755
17.26388765
17.22413375
16.59337462
16.55063943
16.55032176
16.99138804
17.12776968
15.80592121
18.07651662
16.62167473
17.71086693
17.06419481
17.38453944
16.63597453
16.8925104
16.47302764
16.2577987
17.54793893
18.07259125
16.430254
16.69403654
17.69955028
17.5278521
17.42741676
17.41935351
17.46590813
15.94708588
18.11997382
16.11787772
16.61864107
17.11674273
15.97999353
16.81561145
16.0289727
17.63638855
17.95075705
17.09163991
16.33036935
17.19498756
17.28230298
16.24331041
16.50035823
17.12794612
16.4566272
17.81208348
17.21653102
16.93536682
16.79756
17.44167465
16.90038117
16.97133573
17.24179921
16.31445767
16.22897486
16.85030264
16.45111301
17.2042198
17.06971905
16.65849471
16.91212559
16.78869927
16.7357639
18.37633903
16.89223363
17.01444486
17.62166257
16.7320731
15.9153027
16.79912277
16.88304977
17.09767475
17.60143483
16.25546557
17.05195809
17.3090616
16.95432956
17.96423962
17.17082805
16.50250931
17.28917605
16.64279051
15.73294442
16.17310341
17.56655536
15.49154036
15.97340136
16.50661493
16.18127015
17.23426155
17.05656065
15.40324586
17.89017908
15.81023442
17.65790928
17.55785223
16.56386959
17.11548529
18.02092445
16.91760446
17.57940759
16.94825049
16.13016054
17.38783298
18.70558648
16.22646037
18.3894563
15.95501702
17.39408186
17.75026601
17.0656869
17.45898051
17.38574588
16.79210284
16.45194222
17.13482884
17.05837985
14.96920439
17.1294247
16.45192543
15.10241538
15.93233277
15.82198935
14.99723629
15.37861306
15.84071209
16.90242693
16.65470559
16.21355688
15.4367271
16.0179141
16.48567319
14.91582495
15.79328293
15.8518217
16.48305711
17.39104405
15.92851823
17.16709569
16.16894733
17.00279373
15.27926709
14.54588296
16.10748313
16.32600919
16.47796102
16.4187077
15.2813316
15.35147094
15.24409146
15.02852746
15.49335599
15.99405032
15.38513939
15.01497817
15.40241868
15.81985298
14.85889628
16.10840646
14.72774385
15.40894676
16.55216729
15.73373232
16.12196792
14.35844338
16.5508444
15.4419343
16.8034364
16.11174329
15.15692412
16.48584266
16.0060476
16.47110938
17.30644771
16.72189186
16.22580076
16.76493675
16.02196702
17.91176198
17.16811701
17.08381209
18.25621069
17.18469598
16.96714761
16.71687333
16.67024861
16.21812422
16.50305172
17.28919765
18.72662559
18.07590521
17.14534967
17.2317396
17.96972171
16.508899
17.90567479
16.9950858
17.92230623
17.43860023
17.3527137
17.54870286
18.29532306
18.82561658
17.33025603
17.65606996
17.51395517
18.08569148
17.7983685
18.17589691
18.61587758
17.68029084
17.92521072
17.66970742
18.50688719
18.43771491
17.96100226
18.97549783
19.62734492
18.53552282
19.35924473
19.08750436
18.45943419
18.78404318
18.43144827
19.11272318
18.64350441
19.11872036
19.75959821
19.05070366
20.01325318
20.60406569
18.89179418
20.80442935
20.08980764
19.87020813
19.41122655
20.52577604
18.81845375
18.9302568
20.06056548
19.42331886
19.89977087
18.76588857
20.0210781
19.33621759
19.7273976
19.25068695
19.57545804
19.24350323
18.67242104
18.51181332
18.60825404
18.08178816
17.49342206
17.82188218
17.25957716
18.78043022
16.8463347
17.48942593
18.79562504
18.46259862
18.27884698
17.13401007
16.88157853
16.64974017
17.60381413
18.44359513
17.32921865
17.19927035
17.17914934
17.90285356
17.95663793
18.10601545
16.9980713
15.2450423
15.94795271
16.88785115
15.66557239
16.64467627
16.01425771
15.76716003
17.28749566
17.19293137
18.12452689
16.94093906
18.09699459
17.45000485
16.97909521
17.06335204
17.05845516
17.79967456
17.59118504
16.38543323
16.1371374
16.1676544
17.07632592
16.08200583
17.20299744
16.32882066
18.33898336
16.46001199
17.82315042
18.62243886
16.74838572
16.03605868
16.23371088
17.17445034
17.09512115
16.28164499
17.12920911
16.67506589
17.55196327
17.25855213
16.9061578
17.0351659
16.76974284
17.55623161
17.04511771
16.91546354
16.14538181
16.30306709
16.75399497
16.76395557
16.7668543
17.01784371
17.44746469
16.85437529
16.59016147
14.97927688
15.06302405
17.17392887
17.59712803
15.03540967
16.94867455
16.93399683
16.33636591
18.01902799
17.72656114
17.53464511
17.37675704
16.77840337
16.49724534
15.86099137
16.86583532
17.8348081
16.35617475
17.26016086
17.48004001
16.81821867
15.97376753
16.15182977
16.69685933
17.3819265
16.79022481
16.92796013
16.72987039
16.90829869
17.44826024
16.24795017
16.56132684
15.44466464
16.82528993
15.87407753
18.17019876
17.39434145
16.13807726
17.81665893
17.98264804
17.32521924
17.50836254
16.79058183
17.98071252
17.2512144
16.50585842
17.11556212
16.43001578
16.76467914
16.83187586
17.43799334
16.79526857
17.83957691
16.99211741
16.61187344
17.67491864
17.35940352
17.98427434
16.72301942
17.54774662
16.43147988
16.61444103
16.26445202
16.69524775
16.97055508
17.2003835
16.60278129
16.81520659
17.37963587
16.5203869
17.46166568
17.1990058
16.70105098
17.31777874
17.23991727
16.94520173
17.36314422
16.04352017
16.0828262
15.80698057
15.95903771
15.79213719
16.27949258
15.62545045
17.05196088
15.68075596
16.47187791
16.69532559
14.29064748
16.31760211
15.86747755
16.36162392
16.13967764
16.62310162
15.51366933
16.42472705
15.43038867
16.23614608
16.31057753
16.54878562
17.46971863
15.28851154
16.07744632
15.82766816
15.60187158
16.46560617
15.42185801
15.36087631
16.01831739
16.49708786
16.24252965
16.41848437
15.37611821
14.1324705
15.23497377
15.25479519
15.134741
14.58173104
15.48260647
15.18005854
16.69834043
15.5374514
16.19744266
16.59652521
14.86229622
16.22289254
16.32967571
16.28290735
16.51552793
17.08663071
16.09805743
16.4190116
16.70052267
16.60574914
16.97533041
16.33582293
15.99040145
16.16208337
16.55053929
17.05721964
16.74323296
17.6568571
16.98629364
16.48365474
17.29033645
17.30701114
17.81004302
16.69359305
17.19452202
17.06527647
17.5249663
17.65731183
17.74837953
18.49528139
17.52186481
16.79296401
16.27177731
17.89618408
18.41828675
16.85342945
18.06660334
18.32657012
18.19462855
18.72891803
18.80947173
17.7825541
17.45677266
19.18337699
18.29358098
18.21922483
18.61289285
17.82812033
18.05909161
18.28969178
19.09949924
19.388944
17.96470178
18.12539503
19.54511351
18.12242048
19.143864
18.32680358
19.55523498
18.25746076
18.67403881
17.97637733
19.33922499
18.81996255
18.7058079
19.1254184
18.93825283
20.66874042
20.14522783
19.86605166
18.79607174
20.80356663
19.65517181
19.00492217
19.90395518
20.06859636
18.70452339
19.13350648
19.02329707
20.6299519
18.92089814
19.88459962
19.44780633
20.27690082
19.85318981
19.6726868
18.17311532
19.38636637
18.2255942
18.17031838
17.66033295
18.63633657
18.60133319
19.80015085
18.91532158
18.03797129
18.00866868
17.88987253
16.42770803
17.37122904
17.8437335
17.28103238
16.62953395
16.92911305
18.10858783
18.3687231
17.45395893
17.11731373
16.17749459
17.02791126
16.7981502
16.63277408
16.13150019
16.43897106
17.14641952
17.83256663
16.61276214
17.21455453
17.93992755
16.49640306
15.74972278
16.93594964
17.27216114
16.50838839
17.78982622
16.54068379
16.2879538
16.48100527
16.41206486
16.60867483
16.34291427
17.4354675
16.86465627
15.81898271
17.73032351
16.28392248
16.22900365
18.08848434
16.2640702
16.79400491
16.8742663
17.16042941
16.96820942
16.06832946
16.40601285
17.68871791
17.09885033
17.88586782
16.32945491
16.75749872
17.01176896
16.79475622
18.04332601
17.33881192
17.7149653
17.62310182
17.44339982
16.08389152
16.38480234
16.68917382
17.02822994
17.51998333
17.53292859
17.33959585
17.57581542
16.09835339
17.82410983
15.68341619
17.21623266
16.89702861
17.62815129
15.91125353
14.76437674
16.99121365
16.04385181
17.1266446
17.43740818
15.74893694
17.66163606
17.2746078
16.93877905
15.77974888
15.69313453
17.10677045
17.37574698
16.45316499
16.77765752
17.23348996
15.7037958
16.91433453
16.44607506
16.70394607
16.66836455
15.98575636
17.12861153
16.72820612
17.12646139
16.53803428
17.04316183
16.79044568
17.0360381
17.12789569
16.30397471
18.64606393
17.09385782
17.62347068
16.34007786
17.45001394
17.08781735
16.54648652
16.6097598
17.31841269
17.22267952
16.11892956
16.53459311
17.73361523
17.57005321
16.18910513
18.31760451
16.96524595
16.7515978
16.29311458
17.79701764
16.84999861
17.15956739
17.22360078
17.05555305
16.58623778
17.7780658
16.46075853
15.09107416
16.51714014
17.59083071
16.189082
17.26736602
16.53715161
16.58610828
16.42546827
17.11031335
17.60614107
16.52575311
17.07931414
16.13907495
17.53423499
16.27169006
16.31415436
15.83961831
16.20617268
15.24412834
15.56458611
15.99880563
15.69370616
15.8988566
16.54476357
16.40956027
18.0926866
16.70541995
16.36221603
16.28885202
16.79914347
16.74681999
17.25556085
16.79384668
17.1256465
16.84400362
15.28918477
15.90727414
15.77774275
15.03593777
15.77244338
15.58893916
15.43486782
15.35225531
15.86415718
15.8756952
14.89769576
15.23156974
15.87635883
14.95767614
16.15724445
15.05611099
15.64486699
14.76164001
15.34765903
14.59464235
14.2790243
15.56944044
16.47573628
16.0985092
16.21453148
16.53683414
15.98039192
15.92521379
15.36555071
16.10479311
16.58657448
16.15421878
15.90550334
16.45872093
15.49489004
16.03360351
16.00941773
17.44665292
15.10809821
16.01711345
16.85209293
17.18038978
17.46034191
15.7821135
16.73419105
18.36823214
16.59957958
17.304583
17.83220491
18.8723369
17.95539906
16.85854494
18.50046665
17.82048976
17.50955207
17.13499977
18.4292101
16.61380467
17.82609148
16.08679372
18.86066689
18.54065986
18.19156234
19.38286408
17.26319448
18.16228269
17.50802213
18.37576691
16.15835923
17.91715456
18.8053696
18.30099198
17.87707674
18.74997323
18.71120142
18.44768658
17.77445197
18.94407654
18.92056042
18.85377048
19.88212731
19.04250361
19.05041139
19.06554181
19.19716801
19.50867505
19.88854362
19.26112141
20.95451787
20.23150533
20.15577111
19.70027561
20.5365612
19.06113196
20.1967277
18.69113435
20.32076496
19.39534051
19.42289603
20.59776023
21.00374759
19.34913292
19.41276776
19.84607263
19.46937862
19.80803969
19.07151909
19.75983832
19.38472058
18.97252642
17.57493731
17.77359645
18.59028515
17.08839461
17.19146422
18.05669777
18.0098871
18.33137398
18.07095804
18.28674668
17.74982224
17.45511664
17.50841507
17.6689473
17.7725029
18.12778395
17.44428909
18.81375939
17.60742445
16.91373554
17.75081732
17.21465387
16.97285801
16.68781345
17.08013774
16.63991405
16.4807052
17.06693765
16.78374906
16.26120947
17.00747877
16.75655754
16.65011251
16.46018802
16.34251309
17.144131
16.61246966
16.99768386
16.07670433
16.57439354
15.7803012
16.39113647
16.87219517
17.49940342
16.61777662
17.64026259
17.4979018
17.05027598
17.69888654
17.47507273
18.83116383
17.57852488
16.63059294
17.2849648
17.58680811
16.85189551
16.42479924
16.68106185
17.32914609
18.23184862
17.21400496
16.90435147
16.36810592
16.67869404
17.59348204
16.9353657
17.20997445
17.07576001
16.84999397
18.43116017
16.99948758
16.26229899
16.54920162
18.81474719
15.83331249
16.77441749
16.30911861
17.59367571
16.79461483
16.48497331
17.71412831
17.62059948
17.802333
16.35095812
17.04624863
17.85932296
16.93841717
17.23506841
17.32957784
17.48463052
16.31062068
16.14702159
17.66161202
16.78265213
16.83575364
16.96020559
15.21161067
17.76285652
16.95380571
17.76530251
17.79470452
17.01133934
17.11373797
17.32600275
17.29136579
17.19966561
17.49381348
17.66153591
17.08298319
16.57745274
16.61572734
17.08292741
15.99996635
17.21275789
16.46227553
17.80830854
16.64758352
16.79003658
16.90740363
16.72867865
17.65288821
17.40758985
17.19479905
17.21025452
17.70582815
16.40191423
16.82478429
17.57478707
16.75071568
16.30915089
17.4328484
17.63638239
17.39450827
17.3852501
16.86229818
16.57533095
16.5277339
16.74207775
16.54259438
17.58718137
17.32682136
17.72392813
16.75998773
16.71934384
17.48357295
17.58463617
17.22461434
15.45170446
15.83618928
17.17233226
17.58476039
17.35905129
16.67300307
17.72456591
16.62280396
16.06952978
15.55198915
15.20222412
17.88676476
17.2261696
15.80021863
16.0272411
16.77698588
17.35378805
16.23163051
16.11999612
17.19948241
16.01786353
17.0997695
16.56704232
16.57631787
16.27161716
16.80980208
17.32666567
15.48922716
16.21522444
15.30861219
15.82915242
16.33610669
15.78640555
14.97298582
15.45167868
15.15596432
14.93387583
14.88579832
15.40552467
15.8063884
15.77893936
16.43204737
15.71725401
16.7829775
16.48147075
14.50132462
15.04348336
15.07249644
15.0514182
16.09997879
14.9581825
15.54972618
15.37240232
17.6908303
14.80354522
15.33811754
15.87743021
16.23669938
16.42459492
16.91508709
15.65832146
15.84594374
16.81966163
15.80441698
16.11857626
15.86998173
16.63775832
16.84843669
17.49751339
16.93149032
16.48798422
16.82275825
16.35324745
17.54469267
16.3938763
17.53393061
16.07328191
16.27536123
17.45594295
17.32761255
17.13533266
17.63530796
17.79441224
17.59462797
17.22842194
18.01570734
18.93519977
16.72032499
16.96711466
17.9208132
17.82245564
18.4468395
18.69781465
18.07603469
17.78250555
17.47583974
16.96760575
17.50184381
18.33777084
17.51138878
18.41112001
16.86506283
18.95712501
17.63347829
18.58191818
18.90868233
19.00912869
18.32843506
19.37959826
19.37111507
18.37138948
19.1838465
17.68685621
18.95046915
19.17793217
19.32364978
19.80837222
19.12471249
19.32036147
19.35156813
19.82583825
19.75344696
19.60820308
20.04387319
20.2220696
19.99442414
19.70108847
20.81295569
18.08983104
20.02540665
19.20065369
18.86951339
19.49586292
19.78765833
20.1279909
19.00339522
18.83054173
18.95802839
18.89394735
20.70112552
18.01786607
17.556276
17.25815479
19.06901964
17.25552408
18.17136769
18.8179307
18.51578506
17.86968023
17.4162154
18.37335146
18.12612273
18.80782665
17.90855479
18.1589662
17.38542028
18.01977609
17.00618891
17.27549606
17.4117514
19.39336204
17.75394574
17.63588915
18.05462064
17.94032574
16.90569675
16.19505974
17.16478503
17.41076283
16.89730073
17.53519139
17.23047844
15.83409709
16.38227788
16.75486766
15.92471108
16.59952881
17.08834227
15.50199171
16.89952928
16.09059636
16.96405595
18.19370702
16.58438244
16.84863093
17.66602329
16.66416322
16.55966917
16.86374394
18.01524636
18.25591032
17.12581561
17.83304314
15.56003741
17.56021859
16.38391991
17.31977382
17.87427533
17.37250002
16.75096843
16.6412141
15.75872081
16.58909636
17.02409444
17.93741034
15.84561135
17.95147981
16.76063224
17.39853126
17.10996036
15.81397319
16.90174492
17.18896331
16.65075519
17.18703526
17.01820779
16.99279726
16.2838813
16.05957657
17.83111671
16.77410791
16.75632117
17.13504533
17.01878623
16.68716086
16.74462601
17.12586255
17.93288719
16.72218638
17.3706672
16.63472902
16.66210482
15.89819736
16.78832885
18.14227517
15.68915748
16.50316345
16.45036223
16.74333342
16.28006709
16.72231257
17.13970785
16.08928406
17.23747369
16.20868508
16.73763653
16.73127505
17.1114777
17.42281689
16.59869803
16.82689078
16.84093075
16.94791322
17.62356993
15.33519264
17.72567969
17.60904268
17.02558626
16.59734584
16.40951748
17.76764651
16.61352428
16.96743853
16.00016165
17.12450039
17.17026346
17.52988579
16.85322289
16.06607127
16.57454628
17.37953729
17.44296314
16.48908766
16.54401455
16.00807966
17.44557166
16.94139059
16.39649504
17.20071722
17.15368124
17.00582367
16.75944878
18.07721126
16.40298487
16.6237065
16.10108475
16.35352289
16.19468174
15.56380963
16.07902796
17.04123545
16.66598427
17.59738212
16.22962054
17.77612278
14.84027373
16.07749557
15.66525582
15.97846422
16.9340774
17.38155002
17.55495823
16.25768044
15.96056076
17.09268456
15.94556345
15.87523478
16.43472326
16.37026339
16.46809118
16.12187313
15.57427191
16.02645741
15.49689524
15.55926853
16.82291323
16.6543172
16.42632527
17.34001326
15.75168361
15.04422359
16.48251215
14.97042056
15.38893436
15.38385415
14.57070379
15.53259988
14.94667579
15.83691655
16.01544604
15.75690477
15.472367
15.41548378
15.7290006
15.00702096
14.88290523
15.83287456
14.902175
15.8483264
16.32974678
14.84699426
16.50346752
15.61107996
15.59902495
16.74688566
15.83727198
16.39994046
15.42374232
16.45624205
16.11153905
16.23537201
16.58427392
16.33543117
16.05906635
15.68527408
17.53799837
17.62506669
16.11157042
16.4931154
16.26317955
17.54607352
16.93977467
17.12372955
17.72174853
17.93131858
16.15788101
17.17854214
17.43068918
18.22755282
17.62764298
17.85972473
17.30843001
17.96492035
16.59243502
18.04988169
17.46856334
16.70906618
17.79803995
19.1120467
17.81556362
18.32814759
18.3716744
18.01394649
18.53410428
17.75931163
19.10768927
17.70948599
18.11257804
18.78866999
17.50020808
18.39114856
16.991077
19.68386091
18.99965737
18.86890445
18.44192961
18.49691007
18.61113149
19.24288848
18.4112708
18.93247249
18.87382399
19.89397174
17.95982303
19.34547445
20.494819
19.06920401
19.19684162
19.765679
19.50158528
19.45875818
19.70646393
20.36851501
19.64220064
19.91684911
20.11395273
20.25470702
20.84932168
19.09376011
19.17645373
19.84207527
19.13180994
19.54099068
18.71732293
17.98408828
19.56398038
19.09240378
19.84315889
18.96246878
18.92149671
18.44532058
17.9016202
17.93999433
17.48199575
17.88884574
18.05652442
18.2771799
18.66844843
18.97295575
18.66830371
17.87266079
17.51389895
16.68537617
17.78590451
18.50673248
16.94782699
18.42603898
16.7935392
17.28302347
16.88453212
18.27230372
17.07923767
16.84988634
16.4181719
16.93845238
17.61240103
16.50306259
16.30458119
17.51074492
17.00955044
17.11975529
17.41942423
16.50076244
15.91506442
17.88443471
17.95780945
16.20370528
16.12036985
17.05399726
15.65110536
16.93084004
16.66923667
17.80920126
17.3890993
17.52055159
16.42618425
16.42022518
17.48062996
16.72094405
16.40290431
16.50386435
17.49893706
16.42107892
17.21384212
16.50874796
16.13530538
16.61792001
16.32460882
16.01029351
17.42341559
16.38218146
15.32521991
16.34693076
17.11706577
16.62887938
17.80371329
16.50523311
16.44441769
16.80525276
15.2853517
17.77552295
17.23274791
18.4678596
16.46623984
16.55443533
17.13748182
16.57250292
15.80694281
17.07563998
16.38911702
15.75366391
16.49299984
17.40142285
16.65999159
16.66800124
16.92560634
16.42585456
17.77641108
17.09472145
17.20143052
15.69600159
17.97115287
16.61684561
17.30892568
17.58192506
16.25521277
17.54095193
17.16456132
16.27496781
17.03128909
17.137614
16.72443598
16.61003955
17.02132556
16.0184682
18.05414586
