16.74042274
16.74042274
16.74042274
16.74042274
16.74042274
16.74042274
16.74042274
16.74042274
16.74042274
16.74042274
16.74042274
14.96625338
14.96625338
14.96625338
14.96625338
14.96625338
14.96625338
14.96625338
14.96625338
14.96625338
14.96625338
14.96625338
14.96625338
15.52943284
15.52943284
15.52943284
15.52943284
15.52943284
15.52943284
15.52943284
15.52943284
15.52943284
15.52943284
15.52943284
15.52943284
14.67404485
14.33041336
14.67404485
14.67404485
14.67404485
14.67404485
14.67404485
14.67404485
14.67404485
14.67404485
14.67404485
14.67404485
355.5150764
355.5150764
355.5150764
355.5150764
355.5150764
355.5150764
355.5150764
355.5150764
355.5150764
355.5150764
355.5150764
355.5150764
820.2257178
820.2257178
820.2257178
820.2257178
820.2257178
820.2257178
820.2257178
820.2257178
820.2257178
820.2257178
820.2257178
820.2257178
1808.828251
1808.828251
1808.828251
1808.828251
1808.828251
1808.828251
1808.828251
1808.828251
1808.828251
1808.828251
1808.828251
1808.828251
1129.635405
1129.635405
1129.635405
1129.635405
1129.635405
1129.635405
1129.635405
1129.635405
1129.635405
1129.635405
1129.635405
1129.635405
15.60914367
15.60914367
15.60914367
15.60914367
15.60914367
15.60914367
15.60914367
15.60914367
15.60914367
15.60914367
15.60914367
15.60914367
16.58951039
16.58951039
16.58951039
16.58951039
16.58951039
16.58951039
16.58951039
16.58951039
16.58951039
16.58951039
16.58951039
16.58951039
14.17437026
14.17437026
14.17437026
14.17437026
14.17437026
14.17437026
14.17437026
14.17437026
14.17437026
14.17437026
14.17437026
14.17437026
15.31534682
15.31534682
15.31534682
15.31534682
15.31534682
15.31534682
15.31534682
15.31534682
15.31534682
15.31534682
15.31534682
15.31534682
405.0033373
405.0033373
405.0033373
405.0033373
405.0033373
405.0033373
405.0033373
405.0033373
405.0033373
405.0033373
405.0033373
405.0033373
285.5573854
285.5573854
285.5573854
285.5573854
285.5573854
285.5573854
285.5573854
285.5573854
285.5573854
285.5573854
285.5573854
285.5573854
16.59883245
16.59883245
16.59883245
16.59883245
16.59883245
16.59883245
16.59883245
16.59883245
16.59883245
16.59883245
16.59883245
16.59883245
15.34971756
15.34971756
15.34971756
15.34971756
15.34971756
15.34971756
15.34971756
15.34971756
15.34971756
15.34971756
15.34971756
15.34971756
15.35976193
15.35976193
15.35976193
15.35976193
15.35976193
15.35976193
15.35976193
15.35976193
15.35976193
15.35976193
15.35976193
15.35976193
15.22726193
15.22726193
15.22726193
15.22726193
15.22726193
15.22726193
15.22726193
15.22726193
15.22726193
15.22726193
15.22726193
15.22726193
216.4178126
216.4178126
216.4178126
216.4178126
216.4178126
216.4178126
216.4178126
216.4178126
216.4178126
216.4178126
216.4178126
216.4178126
284.1601826
284.1601826
284.1601826
284.1601826
284.1601826
284.1601826
284.1601826
284.1601826
284.1601826
284.1601826
284.1601826
284.1601826
533.7884233
533.7884233
533.7884233
533.7884233
533.7884233
533.7884233
533.7884233
533.7884233
533.7884233
533.7884233
533.7884233
533.7884233
97.52216406
97.52216406
97.52216406
97.52216406
97.52216406
97.52216406
97.52216406
97.52216406
97.52216406
97.52216406
97.52216406
97.52216406
14.47641884
14.47641884
14.47641884
14.47641884
14.47641884
14.47641884
14.47641884
14.47641884
14.47641884
14.47641884
14.47641884
14.47641884
15.58692519
15.58692519
15.58692519
15.58692519
15.58692519
15.58692519
15.58692519
15.58692519
15.58692519
15.58692519
15.58692519
15.58692519
15.58692519
16.58814138
16.58814138
16.58814138
16.58814138
16.58814138
16.58814138
16.58814138
16.58814138
16.58814138
16.58814138
16.58814138
15.38982632
15.38982632
15.38982632
15.38982632
15.38982632
15.38982632
15.38982632
15.38982632
15.38982632
15.38982632
15.38982632
15.38982632
16.28745773
16.28745773
16.28745773
16.28745773
16.28745773
16.28745773
16.28745773
16.28745773
16.28745773
16.28745773
16.28745773
16.28745773
13.79965731
15.64658471
13.79965731
13.79965731
13.79965731
13.79965731
13.79965731
13.79965731
13.79965731
13.79965731
13.79965731
13.79965731
329.8729229
329.8729229
329.8729229
329.8729229
329.8729229
329.8729229
329.8729229
329.8729229
329.8729229
329.8729229
329.8729229
329.8729229
1189.760012
1189.760012
1189.760012
1189.760012
1189.760012
1189.760012
1189.760012
1189.760012
1189.760012
1189.760012
1189.760012
1189.760012
1510.857059
1510.857059
1510.857059
1510.857059
1510.857059
1510.857059
1510.857059
1510.857059
1510.857059
1510.857059
1510.857059
1510.857059
965.2424409
965.2424409
965.2424409
965.2424409
965.2424409
965.2424409
965.2424409
965.2424409
965.2424409
965.2424409
965.2424409
965.2424409
16.44269355
16.44269355
16.44269355
16.44269355
16.44269355
16.44269355
16.44269355
16.44269355
16.44269355
16.44269355
16.44269355
16.44269355
15.50252009
15.50252009
15.50252009
15.50252009
15.50252009
15.50252009
15.50252009
15.50252009
15.50252009
15.50252009
15.50252009
15.50252009
16.57297282
16.57297282
16.57297282
16.57297282
16.57297282
16.57297282
16.57297282
16.57297282
16.57297282
16.57297282
16.57297282
16.57297282
15.61697699
15.61697699
15.61697699
15.61697699
15.61697699
15.61697699
15.61697699
15.61697699
15.61697699
15.61697699
15.61697699
15.61697699
384.3190581
384.3190581
384.3190581
384.3190581
384.3190581
384.3190581
384.3190581
384.3190581
384.3190581
384.3190581
384.3190581
384.3190581
315.5212647
315.5212647
315.5212647
315.5212647
315.5212647
315.5212647
315.5212647
315.5212647
315.5212647
315.5212647
315.5212647
315.5212647
14.32400311
14.32400311
14.32400311
14.32400311
14.32400311
14.32400311
14.32400311
14.32400311
14.32400311
14.32400311
14.32400311
14.32400311
16.68394834
16.68394834
16.68394834
16.68394834
16.68394834
16.68394834
16.68394834
16.68394834
16.68394834
16.68394834
16.68394834
16.68394834
15.16679874
15.16679874
15.16679874
15.16679874
15.16679874
15.16679874
15.16679874
15.16679874
15.16679874
15.16679874
15.16679874
15.16679874
14.15738543
14.15738543
14.15738543
14.15738543
14.15738543
14.15738543
14.15738543
14.15738543
14.15738543
14.15738543
14.15738543
14.15738543
215.6207013
215.6207013
215.6207013
215.6207013
215.6207013
215.6207013
215.6207013
215.6207013
215.6207013
215.6207013
215.6207013
215.6207013
314.42261
314.42261
314.42261
314.42261
314.42261
314.42261
314.42261
314.42261
314.42261
314.42261
314.42261
314.42261
477.8010232
477.8010232
477.8010232
477.8010232
477.8010232
477.8010232
477.8010232
477.8010232
477.8010232
477.8010232
477.8010232
477.8010232
104.644584
104.644584
104.644584
104.644584
104.644584
104.644584
104.644584
104.644584
104.644584
104.644584
104.644584
104.644584
15.77598935
15.77598935
15.77598935
15.77598935
15.77598935
15.77598935
15.77598935
15.77598935
15.77598935
15.77598935
15.77598935
15.77598935
16.17255308
16.17255308
16.17255308
16.17255308
16.17255308
16.17255308
16.17255308
16.17255308
16.17255308
16.17255308
16.17255308
16.17255308
16.17255308
15.40981297
15.40981297
15.40981297
15.40981297
15.40981297
15.40981297
15.40981297
15.40981297
15.40981297
15.40981297
15.40981297
15.50771969
15.50771969
15.50771969
15.50771969
15.50771969
15.50771969
15.50771969
15.50771969
15.50771969
15.50771969
15.50771969
15.50771969
15.11753254
15.11753254
15.11753254
15.11753254
15.11753254
15.11753254
15.11753254
15.11753254
15.11753254
15.11753254
15.11753254
15.11753254
15.06708157
14.78952536
15.06708157
15.06708157
15.06708157
15.06708157
15.06708157
15.06708157
15.06708157
15.06708157
15.06708157
15.06708157
371.588074
371.588074
371.588074
371.588074
371.588074
371.588074
371.588074
371.588074
371.588074
371.588074
371.588074
371.588074
774.9298708
774.9298708
774.9298708
774.9298708
774.9298708
774.9298708
774.9298708
774.9298708
774.9298708
774.9298708
774.9298708
774.9298708
991.1767007
991.1767007
991.1767007
991.1767007
991.1767007
991.1767007
991.1767007
991.1767007
991.1767007
991.1767007
991.1767007
991.1767007
695.0293309
695.0293309
695.0293309
695.0293309
695.0293309
695.0293309
695.0293309
695.0293309
695.0293309
695.0293309
695.0293309
695.0293309
14.48828395
14.48828395
14.48828395
14.48828395
14.48828395
14.48828395
14.48828395
14.48828395
14.48828395
14.48828395
14.48828395
14.48828395
16.00553584
16.00553584
16.00553584
16.00553584
16.00553584
16.00553584
16.00553584
16.00553584
16.00553584
16.00553584
16.00553584
16.00553584
16.02173263
16.02173263
16.02173263
16.02173263
16.02173263
16.02173263
16.02173263
16.02173263
16.02173263
16.02173263
16.02173263
16.02173263
15.86930548
15.86930548
15.86930548
15.86930548
15.86930548
15.86930548
15.86930548
15.86930548
15.86930548
15.86930548
15.86930548
15.86930548
444.5165379
444.5165379
444.5165379
444.5165379
444.5165379
444.5165379
444.5165379
444.5165379
444.5165379
444.5165379
444.5165379
444.5165379
277.1600907
277.1600907
277.1600907
277.1600907
277.1600907
277.1600907
277.1600907
277.1600907
277.1600907
277.1600907
277.1600907
277.1600907
17.04440137
17.04440137
17.04440137
17.04440137
17.04440137
17.04440137
17.04440137
17.04440137
17.04440137
17.04440137
17.04440137
17.04440137
17.44085078
17.44085078
17.44085078
17.44085078
17.44085078
17.44085078
17.44085078
17.44085078
17.44085078
17.44085078
17.44085078
17.44085078
14.98391263
14.98391263
14.98391263
14.98391263
14.98391263
14.98391263
14.98391263
14.98391263
14.98391263
14.98391263
14.98391263
14.98391263
15.9878384
15.9878384
15.9878384
15.9878384
15.9878384
15.9878384
15.9878384
15.9878384
15.9878384
15.9878384
15.9878384
15.9878384
225.8979436
225.8979436
225.8979436
225.8979436
225.8979436
225.8979436
225.8979436
225.8979436
225.8979436
225.8979436
225.8979436
225.8979436
262.1983231
262.1983231
262.1983231
262.1983231
262.1983231
262.1983231
262.1983231
262.1983231
262.1983231
262.1983231
262.1983231
262.1983231
465.310171
465.310171
465.310171
465.310171
465.310171
465.310171
465.310171
465.310171
465.310171
465.310171
465.310171
465.310171
92.43127511
92.43127511
92.43127511
92.43127511
92.43127511
92.43127511
92.43127511
92.43127511
92.43127511
92.43127511
92.43127511
92.43127511
16.32053387
16.32053387
16.32053387
16.32053387
16.32053387
16.32053387
16.32053387
16.32053387
16.32053387
16.32053387
16.32053387
16.32053387
14.84749917
14.84749917
14.84749917
14.84749917
14.84749917
14.84749917
14.84749917
14.84749917
14.84749917
14.84749917
14.84749917
14.84749917
14.84749917
15.74843342
15.74843342
15.74843342
15.74843342
15.74843342
15.74843342
15.74843342
15.74843342
15.74843342
15.74843342
15.74843342
15.98916735
15.98916735
15.98916735
15.98916735
15.98916735
15.98916735
15.98916735
15.98916735
15.98916735
15.98916735
15.98916735
15.98916735
16.20863649
16.20863649
16.20863649
16.20863649
16.20863649
16.20863649
16.20863649
16.20863649
16.20863649
16.20863649
16.20863649
16.20863649
14.24176516
15.61347181
14.24176516
14.24176516
14.24176516
14.24176516
14.24176516
14.24176516
14.24176516
14.24176516
14.24176516
14.24176516
350.6247262
350.6247262
350.6247262
350.6247262
350.6247262
350.6247262
350.6247262
350.6247262
350.6247262
350.6247262
350.6247262
350.6247262
780.8336443
780.8336443
780.8336443
780.8336443
780.8336443
780.8336443
780.8336443
780.8336443
780.8336443
780.8336443
780.8336443
780.8336443
538.8414854
538.8414854
538.8414854
538.8414854
538.8414854
538.8414854
538.8414854
538.8414854
538.8414854
538.8414854
538.8414854
538.8414854
1123.247963
1123.247963
1123.247963
1123.247963
1123.247963
1123.247963
1123.247963
1123.247963
1123.247963
1123.247963
1123.247963
1123.247963
15.14302804
15.14302804
15.14302804
15.14302804
15.14302804
15.14302804
15.14302804
15.14302804
15.14302804
15.14302804
15.14302804
15.14302804
14.95938283
14.95938283
14.95938283
14.95938283
14.95938283
14.95938283
14.95938283
14.95938283
14.95938283
14.95938283
14.95938283
14.95938283
16.15764669
16.15764669
16.15764669
16.15764669
16.15764669
16.15764669
16.15764669
16.15764669
16.15764669
16.15764669
16.15764669
16.15764669
17.21018446
17.21018446
17.21018446
17.21018446
17.21018446
17.21018446
17.21018446
17.21018446
17.21018446
17.21018446
17.21018446
17.21018446
380.4512757
380.4512757
380.4512757
380.4512757
380.4512757
380.4512757
380.4512757
380.4512757
380.4512757
380.4512757
380.4512757
380.4512757
284.7044686
284.7044686
284.7044686
284.7044686
284.7044686
284.7044686
284.7044686
284.7044686
284.7044686
284.7044686
284.7044686
284.7044686
16.11513617
16.11513617
16.11513617
16.11513617
16.11513617
16.11513617
16.11513617
16.11513617
16.11513617
16.11513617
16.11513617
16.11513617
14.09498929
14.09498929
14.09498929
14.09498929
14.09498929
14.09498929
14.09498929
14.09498929
14.09498929
14.09498929
14.09498929
14.09498929
16.30514165
16.30514165
16.30514165
16.30514165
16.30514165
16.30514165
16.30514165
16.30514165
16.30514165
16.30514165
16.30514165
16.30514165
14.98920743
14.98920743
14.98920743
14.98920743
14.98920743
14.98920743
14.98920743
14.98920743
14.98920743
14.98920743
14.98920743
14.98920743
237.0377979
237.0377979
237.0377979
237.0377979
237.0377979
237.0377979
237.0377979
237.0377979
237.0377979
237.0377979
237.0377979
237.0377979
282.7349679
282.7349679
282.7349679
282.7349679
282.7349679
282.7349679
282.7349679
282.7349679
282.7349679
282.7349679
282.7349679
282.7349679
502.8869314
502.8869314
502.8869314
502.8869314
502.8869314
502.8869314
502.8869314
502.8869314
502.8869314
502.8869314
502.8869314
502.8869314
93.90732169
93.90732169
93.90732169
93.90732169
93.90732169
93.90732169
93.90732169
93.90732169
93.90732169
93.90732169
93.90732169
93.90732169
17.01209658
17.01209658
17.01209658
17.01209658
17.01209658
17.01209658
17.01209658
17.01209658
17.01209658
17.01209658
17.01209658
17.01209658
16.98782283
16.98782283
16.98782283
16.98782283
16.98782283
16.98782283
16.98782283
16.98782283
16.98782283
16.98782283
16.98782283
16.98782283
16.98782283
15.86873335
15.86873335
15.86873335
15.86873335
15.86873335
15.86873335
15.86873335
15.86873335
15.86873335
15.86873335
15.86873335
15.73903262
15.73903262
15.73903262
15.73903262
15.73903262
15.73903262
15.73903262
15.73903262
15.73903262
15.73903262
15.73903262
15.73903262
16.03033753
16.03033753
16.03033753
16.03033753
16.03033753
16.03033753
16.03033753
16.03033753
16.03033753
16.03033753
16.03033753
16.03033753
15.03519507
16.90596914
15.03519507
15.03519507
15.03519507
15.03519507
15.03519507
15.03519507
15.03519507
15.03519507
15.03519507
15.03519507
345.1613719
345.1613719
345.1613719
345.1613719
345.1613719
345.1613719
345.1613719
345.1613719
345.1613719
345.1613719
345.1613719
345.1613719
828.9483613
828.9483613
828.9483613
828.9483613
828.9483613
828.9483613
828.9483613
828.9483613
828.9483613
828.9483613
828.9483613
828.9483613
1344.723002
1344.723002
1344.723002
1344.723002
1344.723002
1344.723002
1344.723002
1344.723002
1344.723002
1344.723002
1344.723002
1344.723002
1108.243054
1108.243054
1108.243054
1108.243054
1108.243054
1108.243054
1108.243054
1108.243054
1108.243054
1108.243054
1108.243054
1108.243054
15.25620364
15.25620364
15.25620364
15.25620364
15.25620364
15.25620364
15.25620364
15.25620364
15.25620364
15.25620364
15.25620364
15.25620364
15.56173043
15.56173043
15.56173043
15.56173043
15.56173043
15.56173043
15.56173043
15.56173043
15.56173043
15.56173043
15.56173043
15.56173043
14.95595118
14.95595118
14.95595118
14.95595118
14.95595118
14.95595118
14.95595118
14.95595118
14.95595118
14.95595118
14.95595118
14.95595118
16.77079638
16.77079638
16.77079638
16.77079638
16.77079638
16.77079638
16.77079638
16.77079638
16.77079638
16.77079638
16.77079638
16.77079638
362.4232431
362.4232431
362.4232431
362.4232431
362.4232431
362.4232431
362.4232431
362.4232431
362.4232431
362.4232431
362.4232431
362.4232431
273.7636399
273.7636399
273.7636399
273.7636399
273.7636399
273.7636399
273.7636399
273.7636399
273.7636399
273.7636399
273.7636399
273.7636399
15.99595743
15.99595743
15.99595743
15.99595743
15.99595743
15.99595743
15.99595743
15.99595743
15.99595743
15.99595743
15.99595743
15.99595743
15.13703453
15.13703453
15.13703453
15.13703453
15.13703453
15.13703453
15.13703453
15.13703453
15.13703453
15.13703453
15.13703453
15.13703453
16.15489809
16.15489809
16.15489809
16.15489809
16.15489809
16.15489809
16.15489809
16.15489809
16.15489809
16.15489809
16.15489809
16.15489809
15.96047745
15.96047745
15.96047745
15.96047745
15.96047745
15.96047745
15.96047745
15.96047745
15.96047745
15.96047745
15.96047745
15.96047745
226.5489505
226.5489505
226.5489505
226.5489505
226.5489505
226.5489505
226.5489505
226.5489505
226.5489505
226.5489505
226.5489505
226.5489505
267.0817542
267.0817542
267.0817542
267.0817542
267.0817542
267.0817542
267.0817542
267.0817542
267.0817542
267.0817542
267.0817542
267.0817542
411.9890944
411.9890944
411.9890944
411.9890944
411.9890944
411.9890944
411.9890944
411.9890944
411.9890944
411.9890944
411.9890944
411.9890944
92.03103652
92.03103652
92.03103652
92.03103652
92.03103652
92.03103652
92.03103652
92.03103652
92.03103652
92.03103652
92.03103652
92.03103652
15.33416198
15.33416198
15.33416198
15.33416198
15.33416198
15.33416198
15.33416198
15.33416198
15.33416198
15.33416198
15.33416198
15.33416198
14.27735063
14.27735063
14.27735063
14.27735063
14.27735063
14.27735063
14.27735063
14.27735063
14.27735063
14.27735063
14.27735063
14.27735063
14.27735063
16.42404449
16.42404449
16.42404449
16.42404449
16.42404449
16.42404449
16.42404449
16.42404449
16.42404449
16.42404449
16.42404449
15.6810597
15.6810597
15.6810597
15.6810597
15.6810597
15.6810597
15.6810597
15.6810597
15.6810597
15.6810597
15.6810597
15.6810597
14.67013712
14.67013712
14.67013712
14.67013712
14.67013712
14.67013712
14.67013712
14.67013712
14.67013712
14.67013712
14.67013712
14.67013712
16.27982214
16.84173018
16.27982214
16.27982214
16.27982214
16.27982214
16.27982214
16.27982214
16.27982214
16.27982214
16.27982214
16.27982214
346.5138851
346.5138851
346.5138851
346.5138851
346.5138851
346.5138851
346.5138851
346.5138851
346.5138851
346.5138851
346.5138851
346.5138851
991.5328412
991.5328412
991.5328412
991.5328412
991.5328412
991.5328412
991.5328412
991.5328412
991.5328412
991.5328412
991.5328412
991.5328412
949.7634619
949.7634619
949.7634619
949.7634619
949.7634619
949.7634619
949.7634619
949.7634619
949.7634619
949.7634619
949.7634619
949.7634619
1322.181824
1322.181824
1322.181824
1322.181824
1322.181824
1322.181824
1322.181824
1322.181824
1322.181824
1322.181824
1322.181824
1322.181824
16.11188081
16.11188081
16.11188081
16.11188081
16.11188081
16.11188081
16.11188081
16.11188081
16.11188081
16.11188081
16.11188081
16.11188081
14.52033737
14.52033737
14.52033737
14.52033737
14.52033737
14.52033737
14.52033737
14.52033737
14.52033737
14.52033737
14.52033737
14.52033737
15.31472183
15.31472183
15.31472183
15.31472183
15.31472183
15.31472183
15.31472183
15.31472183
15.31472183
15.31472183
15.31472183
15.31472183
16.24023057
16.24023057
16.24023057
16.24023057
16.24023057
16.24023057
16.24023057
16.24023057
16.24023057
16.24023057
16.24023057
16.24023057
379.7473154
379.7473154
379.7473154
379.7473154
379.7473154
379.7473154
379.7473154
379.7473154
379.7473154
379.7473154
379.7473154
379.7473154
286.5073496
286.5073496
286.5073496
286.5073496
286.5073496
286.5073496
286.5073496
286.5073496
286.5073496
286.5073496
286.5073496
286.5073496
15.56909126
15.56909126
15.56909126
15.56909126
15.56909126
15.56909126
15.56909126
15.56909126
15.56909126
15.56909126
15.56909126
15.56909126
15.9819685
15.9819685
15.9819685
15.9819685
15.9819685
15.9819685
15.9819685
15.9819685
15.9819685
15.9819685
15.9819685
15.9819685
16.57707338
16.57707338
16.57707338
16.57707338
16.57707338
16.57707338
16.57707338
16.57707338
16.57707338
16.57707338
16.57707338
16.57707338
15.08096004
15.08096004
15.08096004
15.08096004
15.08096004
15.08096004
15.08096004
15.08096004
15.08096004
15.08096004
15.08096004
15.08096004
203.8023332
203.8023332
203.8023332
203.8023332
203.8023332
203.8023332
203.8023332
203.8023332
203.8023332
203.8023332
203.8023332
203.8023332
272.9790058
272.9790058
272.9790058
272.9790058
272.9790058
272.9790058
272.9790058
272.9790058
272.9790058
272.9790058
272.9790058
272.9790058
522.2018772
522.2018772
522.2018772
522.2018772
522.2018772
522.2018772
522.2018772
522.2018772
522.2018772
522.2018772
522.2018772
522.2018772
98.07998329
98.07998329
98.07998329
98.07998329
98.07998329
98.07998329
98.07998329
98.07998329
98.07998329
98.07998329
98.07998329
98.07998329
15.47559376
15.47559376
15.47559376
15.47559376
15.47559376
15.47559376
15.47559376
15.47559376
15.47559376
15.47559376
15.47559376
15.47559376
15.12719696
15.12719696
15.12719696
15.12719696
15.12719696
15.12719696
15.12719696
15.12719696
15.12719696
15.12719696
15.12719696
15.12719696
15.12719696
15.53185714
15.53185714
15.53185714
15.53185714
15.53185714
15.53185714
15.53185714
15.53185714
15.53185714
15.53185714
15.53185714
16.2542738
16.2542738
16.2542738
16.2542738
16.2542738
16.2542738
16.2542738
16.2542738
16.2542738
16.2542738
16.2542738
16.2542738
15.90488986
15.90488986
15.90488986
15.90488986
15.90488986
15.90488986
15.90488986
15.90488986
15.90488986
15.90488986
15.90488986
15.90488986
16.2179624
14.58981754
16.2179624
16.2179624
16.2179624
16.2179624
16.2179624
16.2179624
16.2179624
16.2179624
16.2179624
16.2179624
440.5184753
440.5184753
440.5184753
440.5184753
440.5184753
440.5184753
440.5184753
440.5184753
440.5184753
440.5184753
440.5184753
440.5184753
1118.357812
1118.357812
1118.357812
1118.357812
1118.357812
1118.357812
1118.357812
1118.357812
1118.357812
1118.357812
1118.357812
1118.357812
2031.533007
2031.533007
2031.533007
2031.533007
2031.533007
2031.533007
2031.533007
2031.533007
2031.533007
2031.533007
2031.533007
2031.533007
760.8569898
760.8569898
760.8569898
760.8569898
760.8569898
760.8569898
760.8569898
760.8569898
760.8569898
760.8569898
760.8569898
760.8569898
14.64645488
14.64645488
14.64645488
14.64645488
14.64645488
14.64645488
14.64645488
14.64645488
14.64645488
14.64645488
14.64645488
14.64645488
14.94769892
14.94769892
14.94769892
14.94769892
14.94769892
14.94769892
14.94769892
14.94769892
14.94769892
14.94769892
14.94769892
14.94769892
15.87477433
15.87477433
15.87477433
15.87477433
15.87477433
15.87477433
15.87477433
15.87477433
15.87477433
15.87477433
15.87477433
15.87477433
13.81040376
13.81040376
13.81040376
13.81040376
13.81040376
13.81040376
13.81040376
13.81040376
13.81040376
13.81040376
13.81040376
13.81040376
345.0083054
345.0083054
345.0083054
345.0083054
345.0083054
345.0083054
345.0083054
345.0083054
345.0083054
345.0083054
345.0083054
345.0083054
308.8619358
308.8619358
308.8619358
308.8619358
308.8619358
308.8619358
308.8619358
308.8619358
308.8619358
308.8619358
308.8619358
308.8619358
14.86062133
14.86062133
14.86062133
14.86062133
14.86062133
14.86062133
14.86062133
14.86062133
14.86062133
14.86062133
14.86062133
14.86062133
18.40664525
18.40664525
18.40664525
18.40664525
18.40664525
18.40664525
18.40664525
18.40664525
18.40664525
18.40664525
18.40664525
18.40664525
17.79022227
17.79022227
17.79022227
17.79022227
17.79022227
17.79022227
17.79022227
17.79022227
17.79022227
17.79022227
17.79022227
17.79022227
16.21762029
16.21762029
16.21762029
16.21762029
16.21762029
16.21762029
16.21762029
16.21762029
16.21762029
16.21762029
16.21762029
16.21762029
231.5109839
231.5109839
231.5109839
231.5109839
231.5109839
231.5109839
231.5109839
231.5109839
231.5109839
231.5109839
231.5109839
231.5109839
273.0086477
273.0086477
273.0086477
273.0086477
273.0086477
273.0086477
273.0086477
273.0086477
273.0086477
273.0086477
273.0086477
273.0086477
444.221574
444.221574
444.221574
444.221574
444.221574
444.221574
444.221574
444.221574
444.221574
444.221574
444.221574
444.221574
102.9344835
102.9344835
102.9344835
102.9344835
102.9344835
102.9344835
102.9344835
102.9344835
102.9344835
102.9344835
102.9344835
102.9344835
15.7689376
15.7689376
15.7689376
15.7689376
15.7689376
15.7689376
15.7689376
15.7689376
15.7689376
15.7689376
15.7689376
15.7689376
14.15341433
14.15341433
14.15341433
14.15341433
14.15341433
14.15341433
14.15341433
14.15341433
14.15341433
14.15341433
14.15341433
14.15341433
14.15341433
