20
15.45435207335655
15.554842167375593
15.65465620060008
15.754438981496579
15.854533003962805
15.954251166600793
16.053715611457697
16.152220681779166
16.250872397352218
16.349302155690943
16.449666095072445
16.54992348727965
16.65022260349684
16.75194795464283
16.85424097522888
16.954086756848568
17.05465871116753
17.157127489828948
17.25995412343434
17.35875824911017
17.45879766272207
17.561281937000416
17.662262084446198
17.763788060115118
17.863840066595284
17.966574246038174
18.06711798224115
18.169651608162418
18.27014416468467
18.36998112637237
18.472219289410873
18.573300781197684
18.6735765985813
18.775749916231266
18.87742319489749
18.98036874881056
19.082607744219562
19.183117797601067
19.285593498444708
19.38757186376498
19.490039594057915
19.59058306344045
19.69227686766157
19.79363373633397
19.8971866578094
20
19.91632881445071
19.829016356501977
19.74713838240922
19.66741573454582
19.583774706771027
19.505848140875027
19.426943435922272
19.3472739485221
19.26776073648631
19.186163354680748
19.106104032790437
19.026336585887446
18.70165834685186
18.381128975488945
18.056199806619677
17.734669852081545
17.406330206842217
17.08738071105086
16.777852195781872
16.455638330845648
16.13410029889263
15.816957652810444
15.499571279724902
15.18257202908784
14.33884113741758
13.503368845521317
12.693611515050552
11.860466191496549
11.042532595154904
10.202726589029636
9.375613309013687
8.55238833556394
7.72863094234762
6.889479441529299
6.064308972381871
5.255063400890378
4.792965476260598
4.342703391818276
3.8880966702999618
3.4362685397028887
2.987662059477628
2.5399244920740505
2.105040049333824
1.6700478946059674
1.2439642924548477
.8130317387977039
.4054914845904521
.01
.11148300693263775
.2131291848746532
.3150605661473011
.4166720918591723
.5175302101486777
.6181947563888645
.7206931091567531
.8230279789917772
.9248748961698383
1.0272726444917106
1.1294792116001622
1.2322024119483057
1.3346027622510293
1.4357366764824886
1.5391018103224972
1.6407285131312792
1.740881212135465
1.8439909997103574
1.9462139392696018
2.0487551923466434
2.1516001391800255
2.2548792022039534
2.3576274138182822
2.4591256974009683
2.562423251155312
2.6681715203160907
2.773869273037738
2.878781638737808
2.983653970675234
3.087469091206586
3.1913876488583495
3.296875837177347
3.402260950575589
3.507126692629522
3.6110836256075913
3.714078852444666
3.819068654062481
3.924299320542913
4.028166287284624
4.131729382940071
4.23591489594654
4.341066225292605
4.447910499343063
4.552109951614382
4.656098851735722
4.762101847742764
4.866212740858373
4.97024368614523
4.907310315418475
4.847528006388015
4.78792075798187
4.730692366427227
4.669052690083205
4.608807123627117
4.546569664098999
4.490541809156893
4.426972468042261
4.364745815238822
4.305373246561118
4.242800009697821
4.234256174948774
4.230574002005279
4.224172031247449
4.219675119052945
4.208909618618038
4.2016564089840545
4.198369991659361
4.193208695855291
4.185518928067351
4.17564742027462
4.165680014009185
4.153450707608136
4.260651119523477
4.366147459260244
4.471190623033433
4.576459070334734
4.682287580998206
4.787741661685247
4.8940507498188905
5.00069687402021
5.10716393983891
5.213690578054415
5.320330836726199
5.427516238724608
5.531255838009669
5.635364535871533
5.741318124759856
5.846525667841341
5.9507292968621295
6.053974493569954
6.158889795159299
6.265666571519257
6.370942034249693
6.475022090226166
6.5793193781896475
6.685605128012076
6.787098223068276
6.89261025558312
6.995684272965802
7.099766415065781
7.201619421452916
7.304113051185992
7.4067345660278905
7.5095178675262915
7.612523636756163
7.717167180348174
7.821949708535019
7.9248217795769405
8.027633068246342
8.130643864461689
8.234034254052183
8.336555163841526
8.439065914469802
8.54080564210581
8.64471020933659
8.746068254111634
8.849648240917288
8.951333094156599
9.053705254052879
9.15597225999663
9.168685402399692
9.181276619729239
9.19408826188096
9.209475920063875
9.223086424135467
9.23869833813288
9.252266601081631
9.265982015747102
9.280601745483034
9.295599331945837
9.31299041653931
9.327495184419071
9.310016458991457
9.2934212087231
9.279416263269272
9.265777091816346
9.255192840129693
9.238448515995474
9.225044674769045
9.211668729992413
9.197520537506444
9.181625721799039
9.162324737317215
9.148510071080409
9.02832131719997
8.898165129042102
8.772541800513554
8.649716005142025
8.531704782674511
8.40284557998714
8.284422632838021
8.157804163674903
8.026957270282736
7.903540469876486
7.782952890652492
7.650653863393457
7.717925068428358
7.783966805613508
7.849473927091146
7.917472598488803
7.984436264720739
8.050599383762206
8.118337856134573
8.18498388619967
8.252184200851234
8.320456171139284
8.388052899460972
8.456783554425586
8.560103300031354
8.66355794329637
8.766174539366702
8.870247587964432
8.9738680202746
9.076837198211164
9.180400349174585
9.283717967047247
9.388247401257662
9.490891370755232
9.592704491473242
9.696496583618044
9.798956445863986
9.902162620271227
10.005486141864374
10.110587577551508
10.213534247889296
10.314781890210467
10.417789304576162
10.52190718633031
10.624829575987405
10.727340103057166
10.830520841122771
10.932317808766637
11.036248158795818
11.139063964595563
11.24180118901985
11.346376877320761
11.449554617728872
11.551821656683293
11.653253624777912
11.756284543063186
11.85803227060277
11.961350108655106
12.063651212460627
12.165959634805445
12.268082708778326
12.3713075409112
12.47296786088548
12.577074608625532
12.679518256814129
12.782284769724663
12.885938372490061
12.987633868915726
13.090874818406316
13.192115352427882
13.294317620694892
13.397628194300731
13.499384216328655
13.60219215513998
13.705495241858642
13.80865223500655
13.910411503373268
14.013868103086468
14.118714641683114
14.22146492441649
14.324078439013782
14.425980389426506
14.530415883539558
14.632932395516589
14.735706882168463
14.838550481145674
14.941812037952491
15.0447975655234
15.147946609114943
15.2511429084818
15.353861096172645
15.458303729980576
15.562541677262502
15.66584065731416
15.769224698235748
15.872696606092376
15.839150551140456
15.80267361149987
15.766923954454942
15.730254461285444
15.694895657283903
15.662582791151555
15.627457916150732
15.591518735485424
15.556061038487554
15.517191081966986
15.475457342977968
15.441145684280464
15.036213089211474
14.62884344664911
14.214936793375298
13.804006213636546
13.393919148677163
12.990439239647841
12.577520704623355
12.153855247389739
11.754282179621894
11.34983449693202
10.939373771007835
10.534402974306458
9.975023320384013
9.413499205592025
8.859310343335858
8.291770694240938
7.718778870801724
7.169990197423118
6.606317013518431
6.062260935749343
5.507043861868075
4.946802951446759
4.387678269232025
3.831084016351487
3.5098419308389124
3.1938395578292518
2.8713913310897032
2.553460671596774
2.2411833158425005
1.9199974264064603
1.5999573618418892
1.2795871651749489
.9643523308431681
.644984298358033
.3291450727944898
.017094639614269172
.11639129720299048
.21623614762943144
.31698688519025064
.4183677807811369
.5191350509223105
.6202686161627271
.7215251683594059
.8219625045449158
.9234708663170142
1.024435969070616
1.1244231525368842
1.2248288062417954
1.3268199374399732
1.4282781080766658
1.5306903498514008
1.6330698971973148
1.735616939736256
1.8385466775746924
1.939454770012241
2.043083438013651
2.1445749892144828
2.24623231232791
2.3476369807313353
2.4473264759627664
2.5488864890205316
2.650636233665682
2.7541735311447013
2.8547420191202475
2.9572517654824884
3.059352244320989
3.161214164327377
3.2643907978332076
3.366716183454397
3.4712651884010306
3.5738944584727665
3.676828398530114
3.7807498647834206
3.8851749350625275
3.989235117101408
4.0935170461686585
4.197737774407454
4.301690283009213
4.404519999133391
4.508314223233661
4.6130501633365695
4.715875770284287
4.820035638001586
4.922998630434845
4.843298738174793
4.772244659876696
4.699177632920868
4.624562435378904
4.553427433774907
4.478450013083603
4.403239355535142
4.328030850812867
4.255242093347962
4.182641597278645
4.114184097350438
4.040541905743286
3.9987555878236147
3.961225761097398
3.9233532200530306
3.887494722746309
3.8498488564396003
3.8116395887860715
3.7775805715978477
3.7405224448501433
3.700038278377369
3.66165326520645
3.627460088526331
3.5949722080129614
3.7020011926742047
3.8095423543615845
3.915230361463907
4.021881509369518
4.128287380102496
4.233433193606279
4.340643959106785
4.445876771705079
4.5516925041353415
4.6586790084595195
4.764950054435877
4.871229459563098
4.976913984284174
5.080622206105768
5.184302333018588
5.288164259418707
5.3919733113715465
5.495212880748259
5.598887936210738
5.701502057596416
5.8047653117651254
5.906543333727017
6.009538919575759
6.112253366282323
6.216431676546797
6.318552638449678
6.422653082007635
6.525218326831225
6.626310498601585
6.729129130934786
6.83346284892461
6.936504023509626
7.039247167200019
7.141483886891486
7.243741329180013
7.346057193644439
7.449316608049997
7.551226453156578
7.654793563636826
7.7572701055952145
7.860213206320794
7.96291938518537
8.064801317666022
8.167612673146863
8.26990354798524
8.374617405126783
8.477331946430546
8.579410003531958
8.579000108422711
8.580470686797304
8.582302926393552
8.58378010573086
8.586767917363101
8.589627591133961
8.590614337635644
8.591463656273895
8.59229961416458
8.59442116868527
8.59693687811836
8.595584988794748
8.552388249087823
8.503729725494653
8.459116276660694
8.412066171926506
8.366198704347534
8.317539953329804
8.269810740059125
8.220523568026438
8.170434401270136
8.125103492811382
8.081755741964287
8.032261312078289
7.9016259688256225
7.775977949722416
7.649453325157717
7.522412195746788
7.395318231367614
7.268446228584072
7.134100929766223
7.010508842383448
6.8769607412579985
6.7458279404598676
6.617139963908411
6.482884018655347
6.539964998309667
6.595402477579948
6.654227457540303
6.713733160698483
6.771394225770121
6.827453190799378
6.885329473393412
6.9433908567493825
6.999263527485455
7.055668281023319
7.113393293599331
7.169702285401155
7.2728319067004135
7.375090986801248
7.476943288408703
7.578597021487972
7.6811827893357005
7.782983840728178
7.884886780094798
7.987180763752726
8.08814330406286
8.188984073793467
8.29071092598346
8.391866149572223
8.493905154249948
8.59574866785059
8.696999059440216
8.798613843701368
8.900050356424819
9.001410294056043
9.105175537773317
9.206760292053385
9.308521148100372
9.411166717529662
9.51251982341628
9.612710574384034
9.714158844300924
9.816110564556327
9.91837092463049
10.021362825064083
10.1224189556541
10.224612080986773
10.327176790040614
10.429228523933654
10.532751163470316
10.635114611401583
10.736518844364033
10.83905277725063
10.940606667466682
11.040874565474978
11.14176002021228
11.244646743413709
11.344576616992875
11.445178960610251
11.54653488827688
11.647428855086178
11.749828903413649
11.85197154087261
11.951775354119846
12.05513224453091
12.155701262953402
12.25890990023203
12.36197215739223
12.463602368146542
12.566022239276952
12.669762293835321
12.771896796499489
12.874988467834006
12.977166157607705
13.07818002172773
13.180991412581605
13.285747457465263
13.386921562469555
13.491365656576475
13.592157266869853
13.695000943138183
13.79836362555991
13.900731744909576
14.003668537995722
14.106498547482449
14.208472753332394
14.309961884939277
14.412427308383343
14.514782100064062
14.42964641077776
14.353204632397738
14.273961155485363
14.18930084152229
14.107917884152783
14.02607492928198
13.940946479744618
13.857298260036934
13.775471250860441
13.697948001230571
13.619391807775628
13.539022421809804
13.247859675757134
12.960689060057542
12.676778177099871
12.381940808654372
12.0930811536924
11.80458763024024
11.520492233503882
11.242893180689311
10.954832991390427
10.675538394109196
10.389089932994104
10.108535621528814
9.704119781383747
9.29352116699036
8.895998873875673
8.500306100873205
8.105876754003935
7.7108740461697876
7.306072359884689
6.901774320728041
6.496484134408339
6.0892948866132635
5.685924986279991
5.286750961646472
5.035348815325467
4.78156350868651
4.53014497289158
4.281323929918613
4.026399352441641
3.779326900396413
3.5234987131822932
3.271882185333483
3.0276011179258417
2.778066525991596
2.5310597568945994
2.2730114327908315
2.374900109971897
2.4752399058912737
2.5774925379307865
2.6787686003300903
2.7787214172025303
2.8805262374295326
2.981656583976893
3.0834418848564176
3.186422338212069
3.288565191208772
3.390006059128199
3.4922102701555904
3.5925887159739536
3.6956962270326215
3.797714969335126
3.899611358828958
4.003230467532039
4.105273317172957
4.207000693555886
4.308367056046919
4.409665614668866
4.510318541773259
4.611375513973907
4.713564604680018
4.817875197388484
4.921211906697912
5.023182639474151
5.125277771165911
5.22845450585192
5.329506485141579
5.43258627835559
5.534334405635688
5.637436679912729
5.739827112211881
5.842091051992458
5.944640215370529
6.048367773919078
6.152890680168574
6.2551948302172145
6.357973948720468
6.460543666243976
6.563954283323289
6.666939149247184
6.770481527355031
6.87468067658679
6.977488814450224
7.080656444832822
7.183446553108963
7.075573501925431
6.967335678888221
6.856752608417883
6.751121529601529
6.6487573796703
6.5409336448729745
6.437197512127052
6.332097207020505
6.223884850530197
6.117267333381906
6.008913626872334
5.903936112154474
5.879227921022392
5.856246235322809
5.835633985940291
5.8124333213552974
5.792796520177902
5.775411787425531
5.751695949681765
5.735117332588906
5.715861570917858
5.695810456517011
5.674084923355034
5.6565464695894985
5.760479766882419
5.864584235331853
5.970438147273973
6.0753015098643965
6.180905994989471
6.284764832836505
6.390560820310159
6.4952935148908075
6.6006324910251974
6.705234957979163
6.810339196603866
6.9149316525135305
7.018458105176303
7.121741282740339
7.225170372483953
7.3278067551728
7.429569234001085
7.531817182555461
7.633234877174731
7.736923157473962
7.83773749728037
7.9394910833731105
8.043200638534966
8.146405003416634
8.250548826728568
8.353017736362789
8.455122960179681
8.55689598804362
8.660043622217461
8.764428584233908
8.867175883122938
8.969734401237027
9.072263023590594
9.1758449366659
9.279505307441184
9.383385286684527
9.485142686967043
9.584419889825575
9.684676931349301
9.786271416083745
9.88612981986507
9.98737249664073
10.087718046081559
10.18771482459358
10.289881651456358
10.391910079342535
10.49530567509957
10.596967700580048
10.595770008816228
10.592553186407352
10.587884392914946
10.583457707685362
10.579002753643119
10.576814149684951
10.573969891832535
10.567452640373048
10.560181474459371
10.552985552480015
10.548507076149791
10.541031450766544
10.518557755431088
10.493194729471364
10.474543232734574
10.449588414752068
10.429156529270589
10.41146091466984
10.38743013102659
10.361067883215426
10.335331827471054
10.312676165103296
10.28974984063276
10.26414423518007
10.138405768527965
10.010459983323043
9.886777725594454
9.761654645739029
9.634817134408173
9.508606578060963
9.381115663319125
9.257468975619865
9.131334576355957
9.004586030603258
8.874164757048502
8.74450692783663
8.806948977849624
8.869415815595994
8.931893098356797
8.994881783127706
9.058750832780909
9.121419281259156
9.183560690615924
9.242544771006111
9.301690517900793
9.36501540438089
9.429210619920102
9.488313342911967
9.589809265010297
9.691284596007543
9.791903232242548
9.894968614748338
9.997602267828546
10.099954483346652
10.202076195442007
10.303330731745604
10.404182254488507
10.50413144543303
10.605512467375291
10.708308416960328
10.809713032283943
10.912409885137109
11.015425667231817
11.117487747858604
11.218354968540838
11.319471981829155
11.421360661393095
11.524234169382005
11.626256252248593
11.728475447784467
11.83041135976714
11.932602322080873
12.035572126339261
12.136363017933515
12.237599310093717
12.337262929660602
12.438876631183035
12.53913932891383
12.642717325355067
12.745154026234697
12.845788246339067
12.948843131098004
13.052142951868314
13.154478694236913
13.256960264299884
13.358400862621355
13.461577209189844
13.563683380331039
13.66471569325756
13.76662443141795
13.867547983968254
13.968949879341071
14.070448036140355
14.172824479704953
14.27426943918087
14.377234739923326
14.47885157285795
14.579920743325454
14.682532597679625
14.784681989928155
14.887750080162121
14.988977581475076
15.091401550055085
15.19221099864355
15.293281477979544
15.393852166639569
15.495037480749186
15.596618876560457
15.699527581796135
15.800882646827974
15.903239056840855
16.006404948346564
16.108341985640603
16.211625688840844
16.314529987196128
16.416721957618467
16.51979649010131
16.62275841495664
16.725297100051996
16.828435877493302
16.75655932758852
16.684820469326
16.61200073657977
16.539752326778217
16.46684516365511
16.395811492299487
16.322235413287217
16.254220176556412
16.180829987873786
16.11049383774685
16.041024673995164
15.962362080959469
15.670600318534968
15.375633660323837
15.08412407446452
14.791014268748878
14.501316622047467
14.203771986205977
13.912600941987442
13.614422806371424
13.321856329926947
13.029795010982415
12.739410440315442
12.455686252946412
12.282526459522314
12.113456204687411
11.943059355790965
11.771468062968511
11.604405125646474
11.431851129529301
11.2589624961781
11.089481161409823
10.922523025225036
10.754202815784183
10.586805837536216
10.413933160097837
9.925214558467104
9.446586965435056
8.96811893936474
8.488513404046612
8.003783953393581
7.527429697329434
7.048272980587584
6.583677500032951
6.108052673183262
5.63884931484201
5.173709263160117
4.6923499752965325
4.7933967000316935
4.894598732935156
4.995738765477624
5.0972124272980235
5.199507456855948
5.300398175193311
5.401745388973142
5.5034962786679635
5.605114967619274
5.707265383933257
5.808506305710142
5.909262699293447
6.0103565316779175
6.112001871068559
6.214373919322056
6.3162979234788565
6.419543361764704
6.521819538016182
6.623379775907429
6.726097616406937
6.828841296137419
6.932319571480932
7.034185016918341
7.136770606031798
7.238567988704456
7.341036383408265
7.443700439562793
7.546499934853021
7.650411521462304
7.752881255506633
7.854293907122738
7.954962276976368
8.057985589199319
8.161787135819575
8.263290812708663
8.366569816466129
8.469718567383412
8.572670542925167
8.676429374018102
8.780311882095258
8.882653345044593
8.984514571394264
9.08897133268063
9.192078069345385
9.295074145782985
9.39866404328483
9.501078531091114
9.603837480772505
9.528096389675573
9.45595568821383
9.385141451831256
9.308058481766265
9.231692569864691
9.161655477177499
9.085333034181756
9.013546111077675
8.938174642089265
8.868306488473127
8.792701953446333
8.718960167304814
8.689492874407833
8.665029914763755
8.638679846120615
8.611942291349202
8.586780148770577
8.560960948648608
8.541711820750313
8.520495290416498
8.498260465315239
8.472080961665618
8.4535187189989
8.430613656432469
8.535374815987689
8.641520247869222
8.747924585029345
8.852237670429309
8.957203208748663
9.062002851685609
9.169298051914438
9.273946349648588
9.380075984728537
9.485532484809466
9.592278685775067
9.698365309247391
9.805138196942798
9.909662357250713
10.016001647121733
10.12060566452148
10.225129323717717
10.328907849846193
10.434123668210818
10.539288487895663
10.646265892192817
10.751902337089334
10.856238112079794
10.960531804677414
11.063568183791276
11.164481027482054
11.266756606919788
11.369727156814237
11.471872890270797
11.573077574497223
11.674714068058071
11.77808024565565
11.881835562937951
11.98423778435318
12.086150127332152
12.186714732870438
12.28915212890929
12.391260597339334
12.493133566404254
12.594297404673446
12.695895855819524
12.798506330131447
12.90211547007561
13.003962499365588
13.106673036280933
13.210441580719252
13.312124893018499
13.41275823937154
13.404724454363999
13.397751385649999
13.388410290620667
13.38309415509217
13.373871657509163
13.363880962915928
13.354490794350827
13.344897459751698
13.335918742622976
13.326132076851426
13.31975568830089
13.311602841809755
13.277188375634259
13.249374626786238
13.216560274909899
13.183572867771232
13.157079100572378
13.12424579690488
13.093242043449226
13.062532943965401
13.032835308010712
13.002489618922942
12.969083438511731
12.93684138962746
12.801206246751878
12.662549424884904
12.528037488598494
12.385551308080817
12.245279453606088
12.10635834617799
11.966377612774936
11.832945723065428
11.695885933387034
11.560852175711508
11.42540621495195
11.28909399946548
11.350714542863614
11.4129475504117
11.475805029828118
11.539362802842486
11.603941872121808
11.668561064883214
11.732795434514873
11.797529536213743
11.859281262179994
11.924554741464657
11.985510307255517
12.049553226435812
12.150873513822155
12.253264832089696
12.353178446559227
12.451494130595464
12.552959004313859
12.653066060096794
12.754731846850301
12.85685420732947
12.956550285130474
13.059006578711822
13.160896270273874
13.262298872158699
13.362058183044228
13.461697165244392
13.563360928074303
13.66541950186287
13.766142891597465
13.867334797642332
13.969190521098843
14.06885507777819
14.170249753405416
14.270971408521746
14.3720652766569
14.47310949801681
14.573180193857038
14.675441077906639
14.777126431088249
14.879387214124216
14.9808034465239
15.082946637965978
15.184727187730397
15.286862978573458
15.389133101237613
15.490223362705212
15.59473681623319
15.696962072651493
15.800022894697458
15.901234266726728
16.004044209825107
16.10632952914814
16.20783867054494
16.309439411995175
16.412062925330464
16.51454873788052
16.615456161174635
16.716954643397354
16.820189999042206
16.923186910752165
17.02405472292769
17.128018983593684
17.229999318576226
17.331673246761955
17.432693586880024
17.53589067640837
17.637709725849618
17.739977312221253
17.842339069623502
17.9444583869972
18.04590372724164
18.149080092971918
18.250836984589125
18.349747067165065
18.4515858518348
18.55497104578421
18.6563478124902
18.75926521255349
18.861136589573963
18.96307856555217
19.06479339614778
19.16748799010042
19.270902601029565
19.3727628000324
19.315199518261227
19.253995670384484
19.19828388229117
19.13763689874993
19.077175542653073
19.01491366588275
18.954078031860593
18.88960470264023
18.826359039751836
18.7647877008229
18.70207338465511
18.640161451876583
18.344382109633326
18.047645071996435
17.763855868706134
17.469461848276165
17.17254976990786
16.87514603853782
16.58162862210256
16.287775322110956
15.997850383928297
15.704474990921485
15.413680085664634
15.120806946585702
14.560155475378508
14.006423191352047
13.451337599334238
12.888177241972079
12.33320249589941
11.776283909109617
11.217753865089248
10.658402262851578
10.10480425638902
9.551429371539571
8.98738524186371
8.42705569812232
7.990263373901156
7.544994827103529
7.110982873726755
6.66673609626912
6.227995622434648
5.781120717173384
5.339651449829783
4.891255281156055
4.439950541229857
4.000414338803374
3.569364830918931
3.134548293273088
3.2358904141755445
3.3376856299049273
3.438690944171124
3.5396156186022205
3.639757846525972
3.740929065816774
3.8427805902680143
3.9440175301452327
4.044903084502296
4.146567573378811
4.24687760836258
4.347938595065809
4.44881382349995
4.551746562993924
4.65136590525111
4.752249636934115
4.85432002607201
4.956863744179501
5.059814317311729
5.160367765873531
5.2622687930335985
5.366558039164944
5.468267473791639
5.570992213791035
5.674779195387261
5.7801124224321905
5.88408215317353
5.986460550652676
6.091238840223149
6.19501259899924
6.2983329593757045
6.401111520967478
6.505786728262141
6.607820306431976
6.71160589593426
6.812895461784558
6.91736490396393
7.021351473340842
7.124815447154997
7.230087347858883
7.332182852228133
7.435606699590095
7.538062803209809
7.641808363713171
7.74231662981923
7.845379567971017
7.949776348919731
8.053414105818739
7.9913186094655275
7.932934638704868
7.8744137112543156
7.814799101089486
7.752382055882092
7.694933967002796
7.637412943155237
7.579632562389574
7.52635517597071
7.469445807607044
7.412596834611028
7.355838883688693
7.3410165848634055
7.327344327964245
7.315085051805022
7.300556630459421
7.2923265413008975
7.281405573016829
7.270226015736619
7.257388304983813
7.247671428018244
7.232554968596786
7.221607191914384
7.205201836311322
7.312328129792495
7.418019707151402
7.523754547193605
7.63132054187449
7.7395332407346675
7.845158925154234
7.95088318703572
8.057276938352832
8.16309036829952
8.269427440320596
8.374634970559267
8.480899594344697
8.586985281058503
8.692446234169832
8.7958337562351
8.89951239686202
9.004401074413442
9.107085356265898
9.209918941528237
9.314016762476568
9.418046328866502
9.522552602506682
9.626673967219313
9.73111566398577
9.834282586389136
9.937017869165517
10.03983190808452
10.142882237316655
10.246085813527712
10.349816125076563
10.452539811630432
10.557300478667514
10.660265023973562
10.762221006471865
10.865397946238451
10.967791313728524
11.069928526373651
11.171656485231875
11.273950189455737
11.375611007598492
11.477045033462073
11.579321792937527
11.681191070068538
11.782315119741384
11.884508113373103
11.986340533508328
12.08802107853103
12.189431017784491
12.188572025550137
12.190142782820372
12.190114940164795
12.191262706308072
12.189657692515967
12.189548183246512
12.187088895398881
12.186450871246604
12.187271721844608
12.19002088435244
12.190100341079436
12.19331043020731
12.176822820022947
12.158843257159203
12.143072243519113
12.126558270188708
12.114744926622407
12.098621259657234
12.079334704346092
12.062250817571215
12.046206562008068
12.027707242684619
12.00780950686972
11.988774724835066
11.902949341038319
11.821251892588815
11.734974123715569
11.647347989194405
11.557391810457608
11.468824966820891
11.384367465571923
11.296998542825426
11.210883993021678
11.124204515378741
11.036556795524461
10.95609421052921
11.021987044674354
11.086412355816302
11.151415547565609
11.221085562350252
11.28468921033268
11.35016714975033
11.41472365872238
11.481879267024894
11.547420912090931
11.612350408222225
11.67977680831588
11.74701950694512
11.850723197734084
11.952334961633275
12.054941458664445
12.158732779157296
12.261186793342093
12.364070008448529
12.467091518685935
12.570339779361433
12.671903546175558
12.773237349396243
12.876747580523192
12.978986970280966
13.08180752444036
13.184806910525793
13.285359127398396
13.389519774924931
13.492513291225642
13.596679863864331
13.70089056218127
13.803969974846469
13.907197306675595
14.010731248862283
14.114216379736346
14.217570592211532
14.321350572454381
14.424367425311859
14.52654036486655
14.627985747432437
14.729487177878482
14.831663655307255
14.932291010200952
15.034658453130952
15.135944995575713
15.239187874824566
15.340742244288883
15.442502583465432
15.544785847260826
15.646813661498584
15.750181594425356
15.853192378536635
15.955895217516993
16.05862160064249
16.162071831879786
16.263640410796842
16.3658140851333
16.46907567693809
16.571145351068846
16.67258661848821
16.77611891126625
16.879948058214126
16.98342693960624
17.086893463394297
17.18960865974289
17.291916050317305
17.39415686864849
17.496703348699747
17.59896715409417
17.70273261859245
17.806121473689327
17.910088305502214
18.011902617822408
18.1133931843222
18.216259389460305
18.319274828360534
18.42176542960114
18.52173340154975
18.622240413272504
18.724657934399787
18.827678653562568
18.93037019053229
19.032070054802354
19.135299454051985
19.08037385166495
19.023326570468456
18.964323446346317
18.904019401165353
18.854190255443793
18.80174168059688
18.743767919273974
18.686683218852274
18.632527085925826
18.580670570270456
18.524438552959747
18.467797009486066
18.112880153446802
17.747725131719033
17.392051037057595
17.031769057817993
16.67163141700533
16.308914308731943
15.950943749822784
15.597604431533544
15.228398607624946
14.865450649399278
14.494841245750958
14.128699727227785
13.78680444229582
13.440417647181935
13.087474768693461
12.738457260116155
12.387095095108045
12.033995629137292
11.680560217751314
11.331373262539163
10.985519134315872
10.63949527678496
10.298943159535995
9.952526656116374
9.4397408517634
8.923658760858428
8.38614608063382
7.854436623023083
7.323067882944296
6.791488510480597
6.271320025672337
5.738724356808431
5.212438705330723
4.684108933730309
4.181511247263886
3.646564494586608
3.7464846163815837
3.847151922361433
3.948321112437769
4.049752541171724
4.151882897813337
4.2522239850353065
4.352824275421946
4.45480598647736
4.555341748268075
4.6563174658187085
4.756940078914979
4.858650278313099
4.961415401894472
5.065113593856027
5.167995219706477
5.270244630798105
5.372968951258468
5.4750262729853025
5.578788680637429
5.680902394975902
5.784648434884405
5.886310563631403
5.988256211974123
6.091888420038157
6.194961239902573
6.297755939227776
6.401277380527138
6.505032337220189
6.608495319265256
6.711426377684764
6.815508601223495
6.920964210836558
7.02316666131702
7.12572346545084
7.229668656171127
7.333470074251189
7.4377694796262315
7.542447387522055
7.646195844260941
7.749510996224466
7.852376708297334
7.954504295584473
8.057409896363904
8.161553251950787
8.264475077293731
8.368730454460946
8.470715487485878
8.57579635448798
8.509148627214191
8.446629149962375
8.385578091871078
8.325002620680538
8.261467119117526
8.202599522123148
8.143724677882322
8.080462769578045
8.020804260033271
7.954638236996114
7.8939878279826345
7.834371679591918
7.817649500132274
7.802760766687524
7.785339209524937
7.768659797521494
7.752113385141964
7.737360416191833
7.722352825115818
7.706816954075843
7.692940231358811
7.679758828222888
7.665729893303551
7.650610283963127
7.758897516041578
7.863013751234825
7.970066269923698
8.07585132739971
8.18113527401273
8.287372842504318
8.394060394301398
8.501276922302424
8.606767051214813
8.71199684093074
8.81742003014691
8.92274726444277
9.03068623935482
9.134516303445942
9.237667477539004
9.340384488420543
9.445793911345614
9.548508843303656
9.652570620972584
9.757602208650054
9.862180120674264
9.965798066166398
10.068751574873996
10.173119026314913
10.276845379208078
10.381596778889996
10.48500210004932
10.588780535681122
10.69141787824343
10.794991143240498
10.897078409491067
10.999558038886773
11.102237656658424
11.20789051002658
11.311075265041456
11.41408707565219
11.51840753350003
11.622560616900396
11.725211992698922
11.826853875932011
11.929879547982074
12.033262156871231
12.13590487072539
12.239470183164638
12.34259433688147
12.44373492569014
12.54564728040313
12.648090377466852
12.659633508210392
12.673081604787399
12.687934697359069
12.698341899150194
12.712676669258517
12.724738509619648
12.739280684057855
12.757409620161575
12.770898466186896
12.785149920045178
12.80176939259178
12.81552237651485
12.796475370334203
12.778465801076447
12.764416720450633
12.751226972451517
12.734161062383272
12.719537305094812
12.697300224836491
12.681769448865742
12.662279386208107
12.645960614469306
12.63156725678132
12.615467205605086
12.480688530144018
12.345370594422073
12.205539052471726
12.070014055776245
11.936802351047804
11.808500539718509
11.669256614946454
11.541105526875421
11.406665836305425
11.275630297048442
11.143106472108023
11.003897961058854
11.067923955803952
11.13255105349522
11.196077633966143
11.260716136742786
11.325013284662864
11.389265816104842
11.452076617289022
11.514441403939328
11.580464359492002
11.64429763266659
11.708102110024546
11.772694702337201
11.875383617439589
11.977597881687215
12.079895538415473
12.18274259316956
12.286768371892483
12.389037746808244
12.492243323863896
12.594390206941068
12.696577363542934
12.797684613841477
12.900054616191087
13.004398196439283
13.105381484271945
13.207510597437981
13.309565897706298
13.412039358098111
13.513855880238564
13.616301567609964
13.719347402360482
13.820898482989639
13.924087758665227
14.025809231833211
14.128282471056407
14.230747755095745
14.3337596572402
14.43703745356979
14.539128961810512
14.641548027442907
14.743988388144764
14.846583612420634
14.950160129225944
15.050482302535151
15.154210566937255
15.257769266175256
15.360482142045862
15.462582107607316
15.564079338819422
15.66754585713275
15.76933697307441
15.87163835795577
15.972559722088178
16.07509070366565
16.177689271777822
16.280813477772757
16.382955886862167
16.483976131583812
16.58572059985957
16.68862948748962
16.791791924221656
16.893579914682164
16.995447314327407
17.096555769515174
17.199726294762335
17.3021668398959
17.40382836201803
17.506645951298044
17.60939646261344
17.711934256833782
17.814118566270356
17.918225456400208
18.019757408567536
18.122358717158235
18.223464192609743
18.324928802419294
18.426168831061524
18.52652232964875
18.627600593747726
18.73005600860354
18.831971966572073
18.935239722550666
19.03653543271743
19.14006803191284
19.037983011110487
18.941433976980147
18.843055202603136
18.746111104283685
18.653564472716386
18.56313196751397
18.473544308061836
18.37798241870171
18.28110201303212
18.18943631032306
18.092545528152886
17.995365262517613
17.587286302026328
17.17866364311659
16.771054282704217
16.36021287463282
15.94427653990869
15.53267962269086
15.116172248125316
14.700326139100879
14.296604076066341
13.891340623076275
13.48397358468002
13.085569985533564
12.245906223315455
11.395151677134399
10.567673579606286
9.716115083009276
8.871358832307326
8.026722808967937
7.169504104512969
6.327670681259612
5.4768043197347245
4.640374794279933
3.807142326920772
2.970072875531859
2.7224466832471728
2.474551303749265
2.228904734151635
1.978492420765281
1.7273509768663926
1.4827447051843436
1.231951256745169
.9876665927738297
.7468272894625976
.49590206438381573
.25630244450234035
.01
.10875962209739212
.20912467190400522
.30821377195873007
.4080887402422152
.5066072025499723
.6065614123660573
.7060322060497635
.805676188329801
.9058110107058926
1.00559532196983
1.104992889442146
1.2038715681884544
1.3051837755589324
1.4066223168746963
1.505903713186289
1.6057212366292553
1.7052150571205837
1.806538969624415
1.906990634589886
2.0077055391544216
2.1092846901632436
2.2111698169336442
2.3105160155880853
2.4113095927084425
2.5118921098897964
2.6136435947194996
2.7145128353343475
2.815721783468571
2.916127034990032
3.017490624300297
3.1168686390922464
3.2183574276229496
3.3189949705552055
3.418539058443388
3.519657520342576
3.6227347578713567
3.7251520991486284
3.828318188587611
3.9315483098708435
4.034254279988527
4.137723979082457
4.240059742467125
4.344383474748357
4.4466470767556485
4.54949708826086
4.653344269508346
4.755305768812473
4.858564561353848
4.753559115081876
4.659202413798475
4.562047083203809
4.464364372300254
4.364975768673708
4.265805443322672
4.1670898921178825
4.070921917499369
3.9714117715257977
3.8739851622942623
3.7763222512938577
3.682838347231509
3.6038076407644994
3.5299332228208193
3.460524157078728
3.3856023613720714
3.3111632346651287
3.2389009120417964
3.165622702584035
3.0921806142066517
3.0196897088466317
2.9497812154636818
2.877042765186602
2.8053661059363537
2.910589824499924
3.016031839533901
3.1224050168403656
3.226070250999819
3.329860279466626
3.4346646128658342
3.5383872355289174
3.642730589003245
3.745831087373995
3.8478471123698226
3.9522255373115454
4.055888726832741
4.158562676097915
4.259873874007925
4.361122433124223
4.461647870069053
4.561358443022509
4.661126155884452
4.760215547530746
4.859907111507924
4.959848685470145
5.060120904226378
5.160984072658137
5.262311313968875
5.36355051324479
5.46359791860777
5.563115836892005
5.661429249971852
5.76134816897153
5.8623433701771575
5.961035604659663
6.061909326612256
6.160378558444
6.259558284474979
6.3581589294828005
6.458801910295447
6.558663047092636
6.658194463964094
6.757110369022662
6.856768884553981
6.957403927166646
7.05644033887867
7.155195395569991
7.255682073234738
7.355442824815692
7.455362408816372
7.55571613167671
7.654749274834777
7.617275903860598
7.5856380203436276
7.554224698688347
7.517584148202972
7.4807023792898955
7.446559405841001
7.408330937804697
7.373822055349031
7.338540638792487
7.306673054669823
7.273532963194332
7.24078920956137
7.178789826568444
7.11677133037817
7.058212173503005
6.997162760756944
6.93508872999317
6.873338831730778
6.81484044406355
6.752824685947062
6.6933840282043455
6.631649835274637
6.5687217002663605
6.507339237044515
6.337597316022992
6.166484013025671
6.001651206940229
5.832162036194825
5.6581085844705745
5.488464601710814
5.322244806015039
5.153844181446577
4.990753379725384
4.821806048861102
4.652590648158944
4.484973793155028
4.527286723898352
4.574653057500013
4.620886769126714
4.669724265563881
4.7143885855725705
4.759231720825436
4.8052684800776335
4.850148303097874
4.893490106008153
4.939399305163493
4.983907630197109
5.02714363910353
5.126446725657962
5.227052352699231
5.326592656226229
5.426144362649901
5.52606403142824
5.625272014881987
5.726424087293043
5.826586617931216
5.9269029238968844
6.025087351905019
6.126525269116546
6.226004187426091
6.3274781383228715
6.429345274499036
6.529326620734456
6.631134572866725
6.732401694017385
6.832410664451345
6.933487512082937
7.034716109040678
7.135357268525934
7.2358368542927725
7.3368995024759425
7.436550850573554
7.5391045383258755
