19.999998959078194
16.357202738206226
16.437658456897214
16.517545869319342
16.597402539971466
16.677513943443024
16.75730794458913
16.8368865188548
16.915662209761294
16.99455638817032
17.07326224999955
17.15373014495865
17.234106648815864
17.314515106209353
17.396106038166717
17.478166135184757
17.558190495780206
17.63881595287497
17.721015254895796
17.803509820755163
17.882660609869205
17.962835776919484
18.045040364251747
18.125943175219987
18.20729809675285
18.28742627760396
18.369782614797327
18.450316718011756
18.53250364876288
18.612992733533908
18.692935814413183
18.774873716704967
18.855849154820845
18.93615403528353
19.018035246200167
19.09957728346281
19.182206081254368
19.264216589480935
19.344790824458126
19.42699679817422
19.508789276535772
19.59098770624959
19.671587864931393
19.75314286573814
19.834417774133914
19.917516125397345
20
19.916329703077082
19.829018032770644
19.747141006563968
19.667419376860202
19.583779220835844
19.50585372307403
19.426950035050368
19.3472815253532
19.267769286637844
19.18617279934286
19.10611351482521
19.026346105095417
18.70166777347405
18.38113828825172
18.056209002742417
17.734678932128745
17.40633916701952
17.087389554434832
16.777860925756727
16.455646940778927
16.134108788106644
15.816966022246616
15.499579528290392
15.182580155951785
14.338848853574994
13.503376150552278
12.693618412400475
11.86047267404526
11.04253866373428
10.2027322367164
9.375618535545197
8.552393138842234
7.72863531910707
6.889483385196671
6.064312481788903
5.255066475318224
4.79296831900344
4.342706003887614
3.888099046379836
3.4362706767813314
2.987663954318685
2.539926140001214
2.1050414499900603
1.6700490414789386
1.2439651816687427
.8130323580972146
.40549183182119714
.010000050649473806
.11148341734391178
.21312998858878388
.3150617872006791
.41667374704327365
.5175323124149376
.6181973158919486
.7206961327866184
.8230314720312473
.9248788630583166
1.0272770884929934
1.129484135362561
1.2322078172871134
1.3346086780387374
1.4357431044139135
1.5391087503871848
1.6407359664284251
1.7408891797319705
1.8439994810026572
1.946222934409805
2.048764700957257
2.1516101606796356
2.254889735753502
2.357638458950918
2.459137253998533
2.5624352505264976
2.6681839608092113
2.773882153597033
2.8787949586589354
2.983667729002291
3.0874832873739604
3.191402281986189
3.2968909057223765
3.4022764534816856
3.5071426290404686
3.6110999948513
3.7140956538975947
3.819085916923713
3.924317043470835
4.0281844697765745
4.13174802407461
4.235933994411721
4.341085779479405
4.4479305069500885
4.55213041290081
4.65611976572967
4.762123212273254
4.86623455575509
4.9702659504016165
4.907343240075833
4.847571528679813
4.787974847936585
4.7307569700346965
4.669127833381625
4.608892771891094
4.546665822001713
4.490648391091025
4.427089545834764
4.364873369118987
4.30551124126071
4.242948479648961
4.2344120221975174
4.230737176371874
4.224342564938347
4.21985299628842
4.209094912170225
4.201849096205162
4.198570040009862
4.1934161386189635
4.18573380865778
4.175869781512542
4.165909881337761
4.153688130452075
4.260889024126165
4.366385848452321
4.4714294984980585
4.57669843310466
4.682527431644522
4.787982001363514
4.894291578552161
5.000938192057633
5.107405747776058
5.213932876196801
5.320573625242849
5.42775951728026
5.531499576130164
5.635608733729586
5.741562781478585
5.846770783977397
5.950974873078493
6.054220530452435
6.1591362919634784
6.265913526917822
6.371189449093778
6.475269965083682
6.5795677128735415
6.685853921133483
6.787347477047839
6.892859968548628
6.995934445966204
7.100017047484569
7.201870514005443
7.304364603553152
7.40698657799967
7.509770338849075
7.612776567119539
7.717420568686057
7.822203554400008
7.925076083532283
8.02788782649295
8.130899059978114
8.234289886313293
8.336811232972995
8.439322420171813
8.541062584421663
8.644967586843611
8.746326067696698
8.849906489202708
8.951591777698587
9.053964372225584
9.156231812492749
9.168950757697173
9.18154777374727
9.19436520834248
9.209758635838568
9.223374916385088
9.238992587349724
9.252566616431348
9.26628779133333
9.28091327000079
9.295916597497088
9.313313399455476
9.32782390075089
9.310352705362034
9.293764972874522
9.279767518414795
9.26613582818699
9.255559023511776
9.238822191491986
9.2254258098859
9.212057318094189
9.197916578896395
9.182029224872107
9.162735722301113
9.148928491851443
9.028753643344638
8.898611448416196
8.77300206499156
8.650190178978567
8.532192804926446
8.40334755352795
8.284938447156676
8.158333898045742
8.02750096169809
7.904098048837764
7.7835243255028015
7.651239266663097
7.718513032616617
7.784557352898297
7.8500670600417415
7.918068306577386
7.985034552313239
8.051200254132231
8.1189413022176
8.185589912329814
8.252792804194273
8.321067346106135
8.388666648264719
8.457399870809752
8.560720036800706
8.664175100268375
8.766792116665767
8.870865584932657
8.974486436873532
9.077456034460942
9.18101960467213
9.284337641647424
9.388867494231718
9.491511882512407
9.593325422008197
9.69711793211627
9.799578240969081
9.90278486137209
10.006108828571286
10.11121070853614
10.214157823863662
10.315405911446057
10.418413770157505
10.522532095351778
10.62545492861366
10.727965899090396
10.831147079922435
10.932944490486406
11.036875282193046
11.13969155937704
11.24242925479322
11.347005412609468
11.450183659320524
11.55245120428551
11.653883678053022
11.756915101413169
11.858663333757686
11.9619816759611
12.064283283629898
12.16659220940283
12.26871575621497
12.371941060763962
12.47360185275856
12.577709072017635
12.68015319141388
12.782920175123333
12.886574248204369
12.988270214569264
13.091511633596614
13.192752636716751
13.294955373764317
13.398266415709717
13.500022928037327
13.602831356632455
13.70613493259849
13.809292414546475
13.911052171390116
14.014509258960429
14.119356284586097
14.222107054288372
14.324721055417593
14.42662349197146
14.531059471389028
14.633576468527897
14.736351378833563
14.839195446414218
14.942457426197304
15.045443376348246
15.148592842178086
15.25178956342547
15.354508172575098
15.458951227617355
15.563189595736471
15.66648899617997
15.769873457136836
15.873345784670573
15.839807793457448
15.803338931800646
15.767597338961362
15.730935908501214
15.69558514894266
15.66328029382129
15.628163443513253
15.592232285085728
15.556782598039062
15.517920667590527
15.47619492990898
15.441891211712994
15.036987051227078
14.629645831895555
14.21576763788544
13.804865451607112
13.394806734851677
12.991355061614598
12.578464827041344
12.154827738217735
11.755282743418874
11.350863145074273
10.940430524809729
10.53548772644914
9.976143724312404
9.414655223575515
8.860501835318944
8.292997725938426
7.720041423766564
7.171287949015353
6.607650028445365
6.063628901018463
5.508446785626719
4.948240763430996
4.389150820038794
3.832591116488792
3.5113710446127926
3.1953904950351326
2.872963995694825
2.5550548308672214
2.242798667082019
1.9216337672882196
1.6016142994278393
1.2812641550177968
.9660484321333527
.6466980081570116
.33087271780276134
.018821814390759663
.11817268040884349
.21807581267319093
.318889714868841
.42033866224386224
.5211789474211652
.6223902900883
.7237292384254641
.8242536047981592
.9258533408579961
1.0269141572113567
1.1270014170436518
1.2275113679850727
1.3296045971629116
1.431168651363566
1.5336903614848034
1.6361829325173067
1.7388464687845322
1.8418960613910431
1.942927590559446
2.0466827829250356
2.1483043229228085
2.2500949121372953
2.351636107822417
2.4514654783184544
2.5531783205408782
2.6550841434617567
2.758780416830475
2.8595113615666667
2.9621865186043896
3.0644554977021112
3.1664889694938005
3.269839914811757
3.372342624272948
3.477071349250051
3.579883445252526
3.683002935474604
3.7871017142434957
3.891706483260701
3.9959488814633914
4.100415403737802
4.204823122408078
4.308965040836553
4.411986740794344
4.515975146735689
4.620907339317839
4.723931843635933
4.828292631199784
4.931459005281097
4.856820902030689
4.7908653013181475
4.722949077223177
4.653534326858475
4.587635783996735
4.5179442309064735
4.448059376743435
4.378213237230786
4.3108143409592135
4.243631653154657
4.180604345202553
4.112425580682271
4.075141999319657
4.042116375306685
4.008755792349979
3.9774073174363473
3.944276606396339
3.9105817596430215
3.881018730573916
3.8484543363932797
3.8124594384409765
3.7785423373139597
3.748782108772662
3.7206913776369412
3.8279188437573968
3.9356569785297513
4.04154145834804
4.148387953647146
4.2549885306643445
4.3603288695674784
4.467733186532351
4.573159812513589
4.67916909142772
4.786348729037664
4.892813109334815
4.999285947515421
5.1051957801063175
5.2091302007004705
5.313036995016331
5.417126067243121
5.521162855894234
5.624630945133691
5.728535132810168
5.831379381568295
5.9348734683627535
6.03688347848874
6.1401117917950385
6.243059966891252
6.3474515003131335
6.449786940763141
6.554102531779701
6.656884151208822
6.758193905947853
6.861231049036683
6.9657840406988
7.069045759489412
7.172010583192269
7.2744701722157705
7.376951635199012
7.479492678069899
7.582963322753829
7.685085624650168
7.78886614349509
7.891557335035154
7.994716176259
8.09763926085596
8.199739334476675
8.30276992843804
8.40528126123864
8.510216373456178
8.613153606580898
8.715455602529328
8.718475077173368
8.723392428569886
8.728688939414745
8.733648174365475
8.740134016858796
8.746508615560968
8.751028587396545
8.755428245161701
8.759831435368255
8.765535871562577
8.771650227222176
8.773915466427521
8.736008738718674
8.692668858566357
8.653391681055208
8.611701986095335
8.57121454180274
8.527959300381756
8.485653470649817
8.441811125301653
8.397187444093788
8.357336527484641
8.319482696892296
8.275506746638019
8.153283577747052
8.036065108365548
7.917992358839817
7.799423076487936
7.680818149193907
7.562449537872837
7.436628857307358
7.321558603276073
7.196552456678126
7.073966067337797
6.953823004826325
6.82811509998586
6.887066412840482
6.944373950342495
7.0050661957720655
7.066437198488678
7.12596418891387
7.183889746063109
7.243631772731528
7.303558754302253
7.361298623304001
7.419571337959122
7.479164484915216
7.537343389234423
7.6407548257135
7.74329604755185
7.845430810930172
7.947367360347211
8.05023616876842
8.152320765310344
8.254507690788476
8.357086084021418
8.45833371711876
8.559460204135542
8.661473325966579
8.762915521898787
8.865249269954376
8.967388238525352
9.068934887285495
9.170846655195186
9.272580957211241
9.374239507915176
9.478303699443332
9.580188608013081
9.682250461368369
9.785197743181074
9.886853635830347
9.987348214710254
10.089101208094455
10.19134418930404
10.29389669239768
10.397181530084294
10.478522077910535
10.560805389103693
10.643395429280993
10.72555718029565
10.808939314252536
10.89135623263499
10.972974203848338
11.055529209541072
11.137261464163586
11.217923262681618
11.299096727913131
11.381931889177462
11.462308032026971
11.543241624264306
11.62480010257528
11.705973239019913
11.788396743439636
11.870604957674011
11.950868042118888
12.034082929204272
12.115006579452988
12.19812202696944
12.281114708925116
12.362916561832497
12.445373392990827
12.528925967157287
12.611143637580854
12.694155533258446
12.776407142241341
12.857690950502437
12.940467248346243
13.024858273449388
13.106276092146553
13.190428282423117
13.271526732348994
13.354329189331146
13.437562062745775
13.519967967870956
13.602845605805785
13.68563385158866
13.767710480492914
13.849383514472555
13.931867010557303
14.01425800974906
13.915240485136874
13.824392478692115
13.73089639154886
13.632291108397586
13.536759649133401
13.440783981684847
13.341704986674053
13.244008943250886
13.148016139404568
13.056061198012094
12.983287663853337
12.90875297514622
12.629865490572367
12.355081698542016
12.083667619346052
11.801434470782482
11.525296319951757
11.249637818115058
10.978491275004371
10.713950264800193
10.439066869478161
10.173062167497399
9.900023137503657
9.63299382845381
9.246030216132851
8.853035527126892
8.473284911468369
8.095520566022044
7.719176494102632
7.342416779188382
6.956015860458703
6.570280069986604
6.183710660753564
5.795396985898461
5.411055369588804
5.031049203873545
4.793175057358988
4.552999172843925
4.315265404825229
4.080189912093376
3.839054035823006
3.6057988072220324
3.363784864763664
3.125953848018147
2.8953736277605104
2.65939562910564
2.425714165202494
2.1806386434028755
2.2827866950304854
2.383376269312564
2.485870338898447
2.5873807167015994
2.68756177444454
2.7895896242397327
2.8909384936189406
2.9929384419175737
3.0961301107134105
3.1984813741595035
3.300128321000033
3.402536634208408
3.5031388182984644
3.606468427272223
3.7087081576417136
3.8108246495895726
3.914662979979464
4.016924752651477
4.118870870855932
4.2204559997931606
4.32197351934722
4.422845787075788
4.52412261533112
4.6265321134309465
4.7310636946311355
4.8346222416886535
4.9368158137282245
5.039134778462474
5.142536298024254
5.243814367935229
5.347121360349337
5.449098084419579
5.5524301958925095
5.655051929103288
5.757548651355993
5.86033209316747
5.964293088262676
6.06905080664131
6.171591645417422
6.274609085897035
6.377418847279488
6.481071137831443
6.584299470491679
6.688087015236035
6.792532993303683
6.8955899643787095
6.999008251448584
7.102050945389155
7.001300080289547
6.900233699360179
6.796870841655692
6.6984940663332075
6.603412828617508
6.502914710511598
6.40652428188079
6.308794964729159
6.207977631781342
6.108765980105542
6.007828809965971
5.910262915895291
5.890175133127913
5.871805782860729
5.855793165379572
5.837187558462396
5.822126775237291
5.809297362735316
5.7901350849781865
5.778075973916026
5.763326071777528
5.747760750488161
5.730501155051841
5.717392820759897
5.821597714867395
5.925972294161652
6.032094462829796
6.137225167441895
6.243095700363856
6.347220149474269
6.453280429025896
6.558277033846997
6.663879170777834
6.768744533161893
6.874111203637002
6.978965909291981
7.082760755684645
7.186312328300691
7.290009814800308
7.392914853778153
7.4949463312392375
7.59746352674233
7.6991509274766505
7.803108970447693
7.904193902842801
8.006218575085116
8.110199443338955
8.213675765806352
8.318053805227196
8.420757702299252
8.523098609315397
8.625108055657929
8.72849276572261
8.833115358106433
8.936101223589997
9.038899133208107
9.141667991802807
9.245490896391662
9.349393097912573
9.453515745715682
9.555533199089584
9.655071462115286
9.755590764730135
9.857448622020636
9.957571509693542
10.059079867275669
10.159692257770955
10.25995707334538
10.36239312272862
10.464691952611785
10.568358974780722
10.67029376713807
10.672964584868474
10.67363424024054
10.672869145504372
10.672362567078373
10.671843888183794
10.673605886964426
10.674727764108287
10.672193070483292
10.668920052403786
10.665737816557186
10.665287732050059
10.66185522684138
10.644090706166347
10.623453374054302
10.609539077939287
10.589339703882477
10.573675908061048
10.560758212326474
10.541523356580534
10.519970844665282
10.49905855802324
10.481239186267088
10.463161266433712
10.442416400012004
10.325324109930804
10.206043235157553
10.091039210380893
9.974607810043416
9.856473335990822
9.738973771301442
9.620199863061602
9.505270283788956
9.387853587924635
9.269819522018446
9.148107129855537
9.027149783027392
9.091317576314726
9.155507709133207
9.219706014417769
9.284413494722237
9.349998963481037
9.414382265444969
9.478237050516823
9.538932759874472
9.599789713130352
9.664825471323127
9.730730036445209
9.791541312637914
9.893338996935373
9.99511601071273
10.09603633347644
10.199403219889438
10.302338422398355
10.40499226447234
10.507415722622445
10.608972219766171
10.710125938480525
10.81037759647056
10.912061405689842
11.015160295146908
11.116840935803435
11.219814111967862
11.323106525518554
11.425445672202986
11.526590397602014
11.62798540611652
11.730152565497985
11.833304971270314
11.935606492711768
12.038105642655188
12.140322064007327
12.242794090723132
12.34604546900451
12.44713572700933
12.548672063562458
12.648636383861884
12.730405075223478
12.81104856572273
12.894446324797233
12.976893264301497
13.057839777482505
13.14079693629336
13.223955891236775
13.306311544279975
13.388770629774923
13.470362342236236
13.553395828153956
13.63553771514289
13.716785009418281
13.798759606850062
13.879913429077348
13.961463590378045
14.0430923797041
14.12545015713314
14.20703194022075
14.289876713880902
14.371583756218383
14.45283397768517
14.535366155147194
14.617512416789111
14.700421650438882
14.78179869543649
14.86416983597734
14.945196904853455
15.026440038707493
15.10726641294071
15.188603027602237
15.270268114386138
15.35317182551386
15.434688226295064
15.517131862762312
15.60024663011469
15.682340599685165
15.765551642090049
15.84844701425203
15.93075039718509
16.01378567544342
16.09672680241322
16.17931595398765
16.262402585673026
16.176038474540743
16.08979041261897
16.002514048299254
15.915760963584276
15.82837586351018
15.74273656639315
15.654696056185188
15.571863139581955
15.48396911337786
15.398929233582535
15.334854911018969
15.261619655990502
14.982051009269405
14.69936416292847
14.420224923974555
14.139572531649081
13.862420951496626
13.577504687781893
13.299053642878258
13.013676779402532
12.734002327916441
12.454917965926573
12.17759456311579
11.90701232896026
11.742974036997863
11.583085716034612
11.421925920455369
11.259626470663445
11.101913000540439
10.938759129914402
10.77532481350331
10.615354300334491
10.45796008700631
10.29925444779401
10.141522789174724
9.978361800919963
9.50997321662723
9.051795194161805
8.59386709703197
8.134879762937913
7.670827674614607
7.21521447067822
6.756823218946354
6.313000878292893
5.858105693855721
5.409553868163135
4.964920024818579
4.503832701719822
4.60514843347925
4.70661528189345
4.808016260020231
4.909747294200262
5.012296343457695
5.11343804797996
5.215033468267789
5.317029972529975
5.418891890811797
5.521283314496264
5.622763245827746
5.723756825661538
5.825083337941443
5.926959845733119
6.029561631449834
6.131714104009688
6.23518673943248
6.337689098314529
6.439474596138227
6.542416793069542
6.645384038685123
6.749085096044996
6.8511728163042145
6.953980122968641
7.056016492452096
7.158723385572716
7.261625535476537
7.364662783447321
7.468811673678839
7.571518682786501
7.673168563557272
7.774074146499189
7.877334503138602
7.981372951113054
8.083113824780332
8.186629954010755
8.290031315119498
8.393236074785888
8.497247707430198
8.601383176992117
8.703978117096474
8.806093195721266
8.910803658443413
9.0141647022141
9.117415477324009
9.221260352748924
9.32393044678127
9.426945417374208
9.35687227320741
9.290402188944055
9.225262419678952
9.153870027933875
9.083198867133989
9.0188479003241
8.948223793657169
8.882127426833794
8.812450643191893
8.748262901130873
8.678343762026449
8.610277604878403
8.585054574355107
8.564820663325454
8.542694343426527
8.52017197507209
8.499212179009977
8.477585406298331
8.46250123386753
8.44544074457411
8.42734990319847
8.405307511358938
8.390849224478751
8.37204181274746
8.47703424760458
8.583409641476369
8.69004295706487
8.79458478099022
8.899778163829543
9.004804991388616
9.112325906264676
9.217200078508801
9.323554590476272
9.429235602887278
9.536205376775532
9.642515279042883
9.749483131775158
9.854202392017655
9.960736108623381
10.065534623016545
10.170252558164512
10.274225267753229
10.379634852074565
10.484993263273479
10.59216365298991
10.697993235880707
10.802522267023239
10.90700913666273
11.010268930277103
11.111405403924962
11.213904485417084
11.317098425516793
11.419467675207056
11.520896016685702
11.62275619780928
11.726345871364467
11.830324647666487
11.932950624876984
12.03508688693008
12.135875657504338
12.23851918151798
12.34083392964841
12.442913351597083
12.544283858883434
12.646089143086837
12.748906542416426
12.852722639023893
12.954777010113666
13.057695006124433
13.16167104667673
13.263562302683262
13.364403884948375
13.359665038577642
13.355989346481227
13.349950465565042
13.347936006045424
13.342021086469536
13.3353410914589
13.329263884510723
13.322985910527747
13.317324271020004
13.31085695644125
13.30779885458861
13.302966912534744
13.27251689357015
13.248663619825662
13.219814510878075
13.19079298356023
13.168258555433138
13.13939004584913
13.112349307129675
13.085601830339304
13.059863301949004
13.033475332043954
13.004026835121865
12.975739714673914
12.847126242394543
12.715487869607763
12.587979628962842
12.452496388418952
12.319214522692288
12.18726875557476
12.05424944466628
11.927752402056061
11.797613492272204
11.669476269680906
11.540903966494746
11.411441296777499
11.474337263924648
11.537840740652394
11.601963664131828
11.666781759231831
11.732615720472618
11.798485006881496
11.86396505347914
11.929939874523454
11.99292944499824
12.059434443352888
12.12161940928589
12.186886298188572
12.28842765657122
12.391039122337892
12.491172493798206
12.589707350325332
12.691390544092728
12.79171543354076
12.893598250508955
12.995936938610246
13.095849047444641
13.198520450307772
13.30062477246045
13.402241529266611
13.50221435335078
13.602066382875744
13.703942493345792
13.806212856150827
13.907147757290874
14.008550671430301
14.110616858770296
14.21049171642228
14.312096113553839
14.41302717991204
14.514330031022107
14.615582867225475
14.715861929696278
14.81831694562677
14.92019618382866
15.022650454646504
15.104183558267579
15.186318997348588
15.268150924117538
15.350276208549735
15.432511217235152
15.513763383263157
15.597859698563749
15.68005169200685
15.762945694711648
15.844300482302856
15.926982366691675
16.009226386316747
16.090823465990326
16.172495003820195
16.255015093065527
16.33741906304412
16.418509325633707
16.500089333085796
16.58311162470821
16.665934132879045
16.74696371225314
16.83056663926555
16.912518260676077
16.994213595293967
17.07536397404265
17.15832299593928
17.24013464309069
17.32231786075216
17.42482050163427
17.5068794459643
17.588376574933708
17.691690807621157
17.773519903763884
17.852840202985696
17.934734885982564
18.017912948800994
18.09942144828298
18.182208549709454
18.28420140861468
18.386265138120816
18.488102014576736
18.57070421887746
18.674239677496548
18.756148103028007
18.681095091002973
18.602601636598102
18.549582018616896
18.491637592196067
18.433885407667812
18.374340280815534
18.316227314892224
18.23468104952341
18.174136926822293
18.115273165424476
18.05527357650492
17.996082680506383
17.70685046997204
17.416676908774704
17.13945177637507
16.851649599623673
16.561347156474014
16.27056925984845
15.983690069636625
15.69649104904323
15.413231893288334
15.126541803740869
14.842445392095604
14.55628904287949
14.006574170707337
13.463802492110668
12.919706703916075
12.36756950535676
11.823643218928815
11.277804070422075
10.730384698370054
10.182174957153919
9.63974579418837
9.09756998659075
8.54476186638663
7.995697535674004
7.568209463511648
7.132273292935814
6.707607735939657
6.272733462097239
5.843378479168548
5.40590495323369
4.9738393868540545
4.534844404830625
4.092920765267857
3.6627145767812896
3.240899224593566
2.815160352896442
2.9166234301717515
3.0185360134344768
3.119655614848016
3.2206918102139506
3.320943139559249
3.422221242494826
3.524177678851898
3.6255178538616524
3.7265051392210053
3.8282699678971657
3.92867920375107
4.029838302375642
4.130812647918695
4.233843515043117
4.333560404436366
4.434540990481369
4.536707587639452
4.639346966670803
4.7423927180698175
4.843041105095145
4.945036680107965
5.049419976093066
5.151223439555002
5.25404194229117
5.357918814626621
5.463341630074345
5.5674009949106775
5.6698690881841864
5.774736815494111
5.878600088851976
5.982010003925874
6.084878186340692
6.1896428739698095
6.291766213763347
6.395641504351573
6.497021036086202
6.601591077923992
6.705678417130169
6.809243347050019
6.914616075545667
7.016812946707419
7.120338181881827
7.222895945287353
7.326743192115375
7.427353630417337
7.530518724792004
7.635017675462583
7.73875789340786
7.678881667868764
7.6227169879978165
7.566418519466704
7.509030026317165
7.448843809143676
7.393622788445989
7.338329421089133
7.282776857693371
7.231720428606453
7.177035133701796
7.122407853034296
7.067868416041033
7.054718441671582
7.042713800855459
7.032116545950039
7.0192488014248635
7.012666113911752
7.003391394199496
6.993853011617717
6.9826529044688765
6.974563195100162
6.9610742995673
6.9517420651295625
6.936951478956971
7.0441713017081655
7.149956233293775
7.255784025467348
7.363442263155684
7.47174670385199
7.5774642713590685
7.683280095116401
7.789765007290943
7.895669422037592
8.002097136818593
8.107395252392713
8.213750073176575
8.319921006658896
8.425467115085935
8.52893987554903
8.632703587165187
8.73767706466429
8.840446254245599
8.943364632431015
9.047547024409363
9.151661073864878
9.256251687948156
9.360457355174065
9.464983244154592
9.568240038982182
9.671065180849048
9.773969021247254
9.877109082783816
9.980402334297747
10.084222223407233
10.187035566621322
10.291885617080544
10.394939739200655
10.49698538323095
10.600251860296853
10.702734839731187
10.804960621304293
10.906777176282365
11.00915944295753
11.110908892722149
11.212431590337598
11.314796977558347
11.416754942065449
11.51796776614408
11.620249485022935
11.722170693857771
11.823940076896493
11.925438915566737
11.925842247007989
11.928674495306879
11.92990947980103
11.932319751841627
11.93197897545515
11.933133250025412
11.931939016358719
11.932565396759918
11.9346498533273
11.938661205499487
11.9400042981941
11.944475715692013
11.929474940191273
11.91298270350591
11.898696674457334
11.883667412871308
11.873333448645772
11.858691936323245
11.840888620761682
11.825285336365585
11.810719515337459
11.79369894035625
11.775279329488061
11.757720614737906
11.674167163753198
11.594734387824555
11.51072209768033
11.425358761065434
11.337663002501742
11.251351268691243
11.169140571531175
11.084015572552744
11.00013822057758
10.915690256994084
10.830268283368246
10.752017522385492
10.81840413965312
10.88332214741547
10.948816274404466
11.018973410771578
11.083065181529678
11.149029155453428
11.214070507615084
11.281708459973572
11.347731605521982
11.413141364144451
11.481045574127991
11.548764691654375
11.652547527423666
11.754238397555895
11.856923698671578
11.960793481595456
12.063325876580954
12.16628722680889
12.269386656253257
12.372712615211748
12.474354038777282
12.575765337788253
12.679352695941953
12.781669157036662
12.88456131096998
12.987632128818543
13.08825578949937
13.192487476092209
13.295551993568516
13.39978931700398
13.504070619773321
13.60722060727866
13.710518371960182
13.814122592266731
13.917677880768911
14.02110214120182
14.124952010793775
14.228049095500094
14.330302225194428
14.431827741398024
14.533409218262403
14.635665561917559
14.736372801511395
14.838819868222417
14.940186024212464
15.043508211340916
15.145141953429498
15.246981545067836
15.349340368870537
15.451443672054848
15.554886868824775
15.657972859643685
15.76075084501865
15.863552283693108
15.967077406341787
16.048677577422662
16.130779198971382
16.234112232662014
16.33625340499419
16.43776617095486
16.5210716819663
16.62496598117127
16.728510010223545
16.83204164720648
16.91466779417458
17.01703888842363
17.09926999943321
17.2018787111091
17.28412780550023
17.387953985029416
17.49140358797645
17.595431117052723
17.69731290664817
17.798873286494988
17.90180688405991
18.004889701964085
18.107447734210535
18.207483328010905
18.308057942087128
18.410542927275987
18.513631056075834
18.616390037496483
18.718157438537013
18.821454238472278
18.74783981612466
18.67220771188224
18.61458367950803
18.555659867602415
18.507205151751876
18.456133343837493
18.399540063628642
18.343835875099916
18.29105897395974
18.240580450612914
18.18572960112827
18.130469826007396
17.77950021844735
17.418301535967018
17.066577309146023
16.71024994277023
16.354067706393916
15.9953088942388
15.64129373537505
15.291906307790729
14.926665442087526
14.5676793211087
14.201037687145318
13.838862263336843
13.500763781753443
13.158177726622252
12.809040313249108
12.463827131227319
12.116271523854278
11.766980464237488
11.41735457077407
11.071975641318692
10.729927978597702
10.38771107604996
10.050962045945681
9.708352942746725
9.200857673072399
8.690068074297509
8.15786096804811
7.6314528101802015
7.10538238543664
6.579096862574236
6.064207023100639
5.536886905622813
5.015855965895809
4.492755583579008
3.995322052960879
3.4654929889625574
3.5654739149878334
3.6662005869466814
3.7674278634066902
3.868916243472372
3.9711025009214147
4.071498695505332
4.17215327391447
4.27418846689959
4.3747771363342745
4.475805151645439
4.576479549277646
4.678240998145064
4.781051906333591
4.88479547397759
4.9877222047766185
5.090016467670893
5.1927853593924
5.294887054359248
5.398693535313239
5.500851224134001
5.604640983867662
5.70634678916084
5.808335972173511
5.912011510011178
6.0151299259486155
6.117970138308812
6.221536959749469
6.325337201857855
6.428845419275891
6.531821687225581
6.635948994517608
6.741449532758079
6.843697095422846
6.946298967121085
7.050289116003757
7.154135482136576
7.258482460415391
7.363207894148443
7.467003942316887
7.570366714969087
7.6732800817833215
7.775455379278003
7.878408653189519
7.982599600986673
8.08556912308568
8.18987211263775
8.291904937917302
8.397033385756083
8.331501467402223
8.270095533373102
8.210157061931701
8.150693717886266
8.088272207346083
8.030514719228634
7.97274927779457
7.910599184511284
7.852048845448146
7.7869942679527115
7.727450222615254
7.668937924657274
7.653046677617901
7.638985855386466
7.622392351153516
7.606538646440272
7.590815903972513
7.576883173105381
7.562693801090069
7.5479742316620095
7.534910067945514
7.522538054748888
7.5093164727377095
7.495002245154077
7.603332935446791
7.707492878308111
7.814588703818282
7.920417056644432
8.025744218524293
8.132024797698838
8.238755201585295
8.346014416975319
8.451547295482392
8.556819763055607
8.662285524593079
8.767655254832269
8.875637480348804
8.979511103229129
9.082705816401221
9.185466332734041
9.29091899279031
9.393677308143076
9.49778232157064
9.60285701134861
9.707478010148673
9.81113906799111
9.914135692203475
10.018546115350128
10.12231702519859
10.227112854634393
10.33056267673626
10.434385549366647
10.53706738052668
10.640685036721221
10.742816770373798
10.845340818399292
10.948064818201912
11.053761779428493
11.156990826541717
11.26004692082353
11.364407608866625
11.468600899077746
11.571292561885475
11.67297477474763
11.776040692859386
11.879463514528464
11.982146475541105
12.085751969651884
12.188916323385397
12.290097210591455
12.392049825096395
12.494533150073048
12.506620342164764
12.520611819819882
12.53600766175841
12.546959055630174
12.561836628136255
12.574441973026177
12.58952662565615
12.608196205458446
12.622227525222621
12.637020982868416
12.654181221528107
12.668475943388836
12.650154403190086
12.632869528543784
12.619542733356711
12.607074285881078
12.59073125352402
12.576828631498048
12.555315538985448
12.540505434227532
12.521737330536936
12.506138525830083
12.492463476945723
12.477081957564947
12.343678411576994
12.209734536219377
12.071277780653762
11.937123908280217
11.80528018390187
11.678341099029142
11.540463859328117
11.41367075309074
11.28059026472917
11.150909093640266
11.019737469219685
10.881881434556792
10.94616030399322
11.011039476318212
11.074817792117809
11.139707098972861
11.204254519034084
11.268756717245813
11.33181695287694
11.394430696402697
11.460701017308624
11.524781695390992
11.588833007979082
11.653671645574434
11.756399339941563
11.858652324097148
11.960988610960577
12.063874178667403
12.167938305620588
12.27024606188537
12.373489883569274
12.47567499934646
12.577900312668335
12.679045705873508
12.78145371450777
12.885835096235216
12.986855476690108
13.089021563399596
13.19111377848151
13.29362406871429
13.395477395991968
13.497959795371182
13.601042247053257
13.702629970344745
13.805855740459501
13.907613735954486
14.010123403473521
14.112625062768327
14.21567325463465
14.31898823034306
14.421116938110824
14.523573133202627
14.6260506077496
14.728682886624089
14.832296343934447
14.93265559124645
15.036420692435765
15.140016190709334
15.242765873285784
15.344902636885417
15.446438344070804
15.549943163042146
15.651772644929926
15.754112320115246
15.85507201217531
15.957641184588741
16.06027789553479
16.163440164639677
16.265620659907103
16.366679016430595
16.468461517412116
16.57140832290744
16.67460781781231
16.77643291478183
16.878337380230516
16.979482907955823
17.082690345674013
17.18516781431794
17.286866271551347
17.389720690519145
17.492508000389833
17.59508257208812
17.69730364722985
17.80144713601579
17.903016535862744
18.005651495529424
18.106794379310656
18.20829634696835
18.309573715893865
18.409964572064293
18.51108012838816
18.61357272286028
18.715525863992088
18.818830681722055
18.920163550169384
19.023733131298265
18.92265624891539
18.827112380071938
18.729738865098522
18.63379864669751
18.5422528609558
18.452819123849856
18.36422883407032
18.269666788407566
18.173786074728078
18.08311654273025
17.987223786721717
17.891040911297065
17.48548882671531
17.079391285363045
16.67430428360847
16.265985040744077
15.852571603337863
15.443493080429064
15.029504627577365
14.616174956543803
14.214959748366653
13.812201652725356
13.407338813256445
13.011430686541155
12.176313046932101
11.330106380950896
10.507157589948914
9.660137625670524
8.819911329398263
7.979799699335371
7.1271061990140465
6.289783692367544
5.4434261971438795
4.611489214917055
3.782737562198279
2.9501405657025894
2.704185881695705
2.4579577838659374
2.2139728405568273
1.9652208085474914
1.7157367059805286
1.4727805140627397
1.2236380450739093
.9809984216225671
.7418003773641018
.49252824134309936
.25458496888643867
.010000025797381388
.0889085053043598
.16914870846410127
.24833046554281654
.32816410588020145
.40687256003534983
.48677193580478434
.5662703014220173
.6459123297280683
.7259615368207106
.8057199728253442
.8851575971945967
.9641648205477573
1.0451591116404129
1.1262582612808065
1.2055672220572364
1.2853210560934936
1.3648062803588477
1.4458102867576224
1.5260903699053612
1.6065889194695295
1.6878047789744275
1.769274615033722
1.8486373463652583
1.9292011890673502
2.009492195469555
2.0907544323235077
2.1712836451294493
2.252095096492768
2.3322388379447454
2.413178774448467
2.4924692086730054
2.5735131704318643
2.6538498907574612
2.7332782699166227
2.8140145413265514
2.8963784864915194
2.9784092913435796
3.0610608964851345
3.1437655945723155
3.2260356990015073
3.3089390507877523
3.3909022218822296
3.4745137775562367
3.5564171224789143
3.6388066539262707
3.722023020857015
3.803675910749631
3.88640438218709
3.761214887465297
3.645997425608719
3.528157542499792
3.409823614606973
3.289891907031412
3.170164619831531
3.050863257261251
2.933948431052974
2.8139029006139014
2.6958088811196443
2.577493500836113
2.463094120674673
2.363641030354861
2.26899337269368
2.1785107666054544
2.082886643548957
1.9877124880708552
1.8945681324743733
1.8004763979529717
1.7062318518495394
1.612874313548926
1.5219257044825902
1.4283373085040763
1.335739198264677
1.4199898464693064
1.5044217728979956
1.5896270255757594
1.672583648999831
1.755643879110061
1.839546277583852
1.9225505458297152
2.0060701807271872
2.0885579736590207
2.1701455726709176
2.2536943273745997
2.3366492533158767
2.418420985089599
2.4990571226822214
2.579641069277392
2.6596225481149
2.7389252153610917
2.8182754791310143
2.8970607435939084
2.9763475768060386
3.055842666652191
3.135613195196555
3.215876044881699
3.2965255500117485
3.3771644671967884
3.456811162955901
3.536017101072331
3.614220525161969
3.69376026222137
3.7741960238574763
3.852714720800984
3.9330493405796076
4.011382441921969
4.0903068811674395
4.168749351267501
4.248891865067777
4.328547494054268
4.40792913609622
4.486799342614694
4.566286598367561
4.646585377028392
4.725555710041082
4.8042922738466665
4.88446774889821
4.964039960070555
5.0437441593963195
5.123809140375172
5.202776757589478
5.145377627128962
5.093336109843461
5.041500906478327
4.984865961655872
4.928009662934202
4.873667331074512
4.8155754582033214
4.7608971644223566
4.7055096546744215
4.653257113146826
4.599835727359051
4.546778356161534
4.464731352831087
4.382666665647995
4.3038037185626585
4.222635728982738
4.140519660659435
4.0587034910177255
3.9798968077324988
3.8978346538573123
3.818155636728858
3.7363539987024197
3.6534477766316695
3.5719715942220285
3.3822063889419733
3.1911447344279873
3.006022205806571
2.816495964446991
2.6226555550466655
2.4329829450646825
2.2465484206715067
2.0580514355578696
1.8745770374575281
1.6855631062626353
1.4962957104770165
1.3085398908238006
1.3310751759127681
1.358064900606835
1.3840556290906585
1.412343488218073
1.4369505739224375
1.4617152760842347
1.4875323251547505
1.5123293668021962
1.535770997977312
1.5614755659359703
1.5859451573571712
1.609293579661413
1.6885330045734126
1.768854310473486
1.8482907502788855
1.9277366606650184
2.0074881878621844
2.0866486291366058
2.1674238725453017
2.2473771217237375
2.327458101114621
2.405768545146295
2.4867812577805046
2.5661667148845995
2.647379034260157
2.7289174253134307
2.808892078759246
2.890381386861099
2.9714221879082316
3.0514197449798157
3.132302761714378
3.2133116162362665
3.293833354352423
3.3742211188750915
3.4550923608857316
3.5347934147956144
3.6169012118880572
