35.00001456123454
35.0000150815883
35.000016505303925
35.000016600707994
35.000016615020805
35.000016585955606
35.0000166434388
35.00001668552652
35.000016818267596
35.00001680894453
35.00001684708337
35.00001674189451
35.00001676385782
35.000016766544064
35.00001659204122
35.000016528246945
35.00001684903383
35.00001676247471
35.00001652864588
35.000016491153794
35.000017016121205
35.00001686089291
35.00001655511625
35.00001671235123
35.00001665004721
35.00001684576206
35.0000165121007
35.000016796055974
35.00001655042204
35.00001681601788
35.000016907483385
35.0000166067415
35.00001675970472
35.00001686966954
35.00001663347941
35.00001676265341
35.000016629990206
35.00001670149212
35.0000169302683
35.00001668230136
35.000016751132996
35.00001669398724
35.00001694759099
35.000016803437276
35.00001685207555
35.00001657739124
35.000016675554924
99.51330077522384
99.51444874232287
99.51294513834506
99.51230575950096
99.51373504017106
99.51188885088087
99.51240997371336
99.51281438063118
99.51288455985963
99.51366348214668
99.5227617286447
99.52276210227095
99.52275912322904
99.52298489204017
99.52299854047537
99.52299188919075
99.52301153852784
99.52298949228178
99.52296702042885
99.5230026584629
99.5230031179032
99.522994044144
99.52299700736462
99.52299833235125
99.5230181681845
99.5230101141854
99.52297960480516
99.52301329988441
99.52299686966562
99.52302805759403
99.52301513924102
99.52301376313575
99.52301826538736
99.52304125675467
99.52302752613852
99.52301189839072
99.52301168472982
99.52299430215838
99.52300929407599
99.52301045118574
99.52301126580973
99.52301721637693
99.52300070598812
99.52301107297308
99.52300519988486
99.52302842124841
99.52300021606338
99.5230060289238
99.52372990779736
99.52372990788487
99.52372990792625
99.52372990815715
99.52372990776963
99.5237299078477
99.52372990775243
99.52372990783545
99.5237299078707
99.52372990779044
99.5237299077094
99.5237299065009
99.52372990776492
99.52372990743028
99.52372990594334
99.52372990759172
99.52372990606472
99.52372990604468
99.52372990628952
99.52372990618053
99.5237299065035
99.52372990623802
99.52372990753705
99.52372990794582
99.52372990796508
99.52372990814237
99.5237299078777
99.52372990756653
99.52372990793016
99.52372990803083
99.52372990806818
99.52372990790892
99.52372990801629
99.5237299079085
99.52372990738202
99.5237299075419
99.52372990770142
99.52372990495073
99.52372990770871
99.52372990783509
99.52372990668745
99.52372990636623
99.52372990615362
99.52372990681475
99.52372990689543
99.52372990678226
99.52372990640824
99.5237298980011
99.52372990500625
99.52372990657274
99.5237299061637
99.52372990659326
99.52372990534987
99.52372990603693
99.52372990468562
99.52372990611101
99.52372990562687
99.52372990572572
99.52372990803342
99.52372990761694
99.52372990814567
99.52372990775987
99.5237299078908
99.52372990818084
99.52372990824445
99.52372990826247
99.52372990813797
99.52372990826476
99.52372990828322
99.52372990828985
99.52372990796495
99.52372990810268
99.52372990799722
99.5237299081897
99.52372990806556
99.52372990810123
99.52372990704382
99.52372990657028
99.52372990716567
99.52372990716798
99.52372990679675
99.52372990693893
99.52372990597351
99.52372990672441
99.52372990749892
99.52372990717785
99.52372990728078
99.5237299068424
99.52372990703294
99.52372990739308
99.52372990707194
99.52372990687505
99.52372990726457
99.52372990717319
99.52372990654501
99.52372990706388
99.523729907277
99.52372990745691
99.52372990605036
99.52372990671022
99.52372990753031
99.52372990710295
99.52372990688956
99.52372990738918
99.52372990739346
99.52372990696017
99.52372990780263
99.52372990664709
99.52372990778433
99.52390462557031
99.52390462584657
99.52390462553046
99.52390462600572
99.52390462603792
99.5239046259778
99.52390462603391
99.52390462591733
99.52390462595457
99.52390462603545
99.52390462576412
99.52390462601427
99.52390462606049
99.5239046259594
99.52390462605632
99.52390462592778
99.52390462590462
99.52390462592497
99.52390462587452
99.5239046258883
99.52390462592294
99.52390462592055
99.52390462593605
99.52390462609327
99.52390462608417
99.52390462593327
99.52390462586669
99.52390462592531
99.52390462600586
99.52390462596895
99.52390462597712
99.52390462597822
99.52390462599513
99.52390462614918
99.52390462613963
99.52390462618258
99.52390462605887
99.52390462578006
99.52390462615733
99.52390462614366
99.52390462624959
99.52390462616302
99.52390462622662
99.52390462626649
99.52390462618538
99.52390462643693
99.52390462636755
99.5239046263711
99.52372990877745
99.5237299087637
99.52372990862636
99.52372990883153
99.5237299088627
99.52372990877453
99.52372990883858
99.52372990877893
99.52372990879806
99.5237299088374
99.5237299087665
99.52372990877393
99.52372990880593
99.52372990885438
99.52372990865908
99.5237299087689
99.52372990885925
99.52372990881268
99.52372990881477
99.5237299086971
99.52372990885384
99.52372990884284
99.52372990881497
99.52372990883369
99.52372990879127
99.52372990872261
99.5237299087151
99.52372990865165
99.52372990880458
99.52372990865162
99.52372990828519
99.52372990807567
99.52372990798207
99.52372990706388
99.52372990758181
99.52372990796246
99.52368447496926
99.52368446982025
99.52368447197868
99.52330389719958
99.52330390037801
99.52330389967636
99.5233039053672
99.52330390014258
99.52330389786707
99.52330389956214
99.5233039014565
99.52330389846884
99.52330390149649
99.52330390669486
99.52330389848503
99.5233038975433
99.52330389702715
99.5233038995946
99.52330389809707
99.5233039050669
99.52330389953737
99.5233039003947
99.5233039062229
99.5233039040369
99.52330389905944
99.52330390882699
99.5233039001053
99.52330390461677
99.5233038988419
99.52330389696802
99.52330390074245
99.52330389986432
99.52330390791396
99.52330390226182
99.5233038964326
99.52330389887071
99.52330389692492
99.52330390369298
99.52330390537286
99.52330390934425
99.52330390219771
99.52330390413739
99.52330389999392
99.5233038976661
99.52330390145552
99.52330390295366
99.52330390344854
99.52330390205576
99.52330389907262
99.52330389690195
99.523303896444
99.5233039034771
99.52330390177613
99.52330389965162
99.5233038996319
99.52330390112289
99.52330390309298
99.52368447490863
99.52368447355667
99.523684474266
99.52372990722543
99.5237299066532
99.5237299073496
99.52372990730598
99.52372990718074
99.52372990720312
99.52372990754348
99.52372990698258
99.52372990740645
99.52372990818137
99.52372990831431
99.52372990837709
99.52372990842358
99.52372990823679
99.5237299085464
99.52372990870543
99.52372990855282
99.52372990864458
99.5237299085601
99.52372990862743
99.52372990865392
99.52372990861572
99.52372990862756
99.52372990869395
99.52372990859139
99.52372990872087
99.52372990865837
99.52372990857239
99.52372990852443
99.52372990851654
99.52372990864583
99.52372990859187
99.52372990868078
99.52372990821729
99.52372990862763
99.52372991098696
99.52372991102652
99.5237299110582
99.52372991087606
99.52372991082713
99.52372991089115
99.52372991088485
99.52372991091322
99.52372991101366
99.52372991100363
99.5237299089958
99.52372991065025
99.5237299105383
99.5237299104842
99.52372991101313
99.5237299105705
99.52372990931437
99.5237299091466
99.52372990958897
99.52372990945193
99.52372990881535
99.52372990951434
99.52372991060862
99.52372991064075
99.52372991126813
99.52372991088167
99.52372990980894
99.52372991050979
99.52372991129693
99.5237299112216
99.52372991123866
99.52372991119262
99.52372991119705
99.52372991122286
99.52372991086852
99.52372991097184
99.52372991125999
99.5237299110701
99.52372991107603
99.52372991102287
99.5237299096341
99.52372991021954
99.5237299099415
99.52372990994178
99.52372990990311
99.52372990994733
99.52372990979904
99.52372990774887
99.52372991011444
99.52372990933222
99.52372990970352
99.52372990993017
99.52372990674284
99.5237299092363
99.52372990882134
99.52372990905633
99.52372990923618
99.52372990912102
99.52372991078366
99.52372991116654
99.52372991121108
99.52372991116677
99.52372991079163
99.52372991146375
99.52372991154907
99.52372991154672
99.52372991161847
99.52372991148346
99.52372991156193
99.5237299115582
99.52372991121375
99.52372991083337
99.52372991098467
99.52372991133586
99.52372991066883
99.52372991141448
99.52372991050623
99.52372991067432
99.52372991044227
99.52372991039293
99.523729910084
99.52372991020779
99.52372991015027
99.52372991041977
99.52372990989036
99.52372991048281
99.5237299102588
99.52372991064681
99.52372991034991
99.52372991031446
99.52372991034768
99.52372991057823
99.52372991049167
99.52372991059161
99.52372991027423
99.52372991018527
99.5237299109248
99.52372991024619
99.52372991057888
99.52372991063223
99.52372991031224
99.52372991067746
99.52372991035735
99.52372991072056
99.52372991055206
99.52372991060847
99.52372991103613
99.52372991030832
99.52372991089365
99.52390462766887
99.52390462769542
99.52390462743722
99.52390462761116
99.52390462764122
99.52390462756969
99.52390462762808
99.5239046276374
99.52390462757931
99.52390462762853
99.52390462773616
99.52390462767612
99.52390462767141
99.52390462747562
99.52390462774198
99.52390462758937
99.52390462761993
99.52390462761534
99.52390462750984
99.52390462761765
99.52390462750296
99.52390462761512
99.52390462769608
99.52390462753675
99.523904627683
99.52390462766861
99.52390462773748
99.5239046277261
99.5239046277055
99.52390462771538
99.52390462766716
99.52390462768402
99.52390462765548
99.52390462783887
99.52390462769621
99.52390462772452
99.52390462785645
99.52390462768184
99.52390462759277
99.52390462788708
99.52390462787038
99.52390462789808
99.52390462787025
99.52390462789936
99.52390462790362
99.52390462810425
99.52390462814277
99.52390462806179
99.523729912049
99.52372991201848
99.52372991192985
99.52372991209093
99.52372991211895
99.52372991205516
99.52372991208378
99.52372991191953
99.52372991206734
99.5237299121174
99.52372991210531
99.523729911926
99.52372991209583
99.52372991205948
99.52372991207764
99.52372991203097
99.52372991205517
99.523729912066
99.52372991207291
99.52372991207444
99.5237299120177
99.52372991204628
99.52372991206663
99.52372991206082
99.52372991207748
99.52372991206623
99.52372991200099
99.52372991199394
99.5237299119945
99.52372991184899
99.52372991172795
99.52372991138975
99.52372991116266
99.5237299107603
99.52372991066262
99.5237299099064
99.52368447745722
99.52368447791612
99.52368447839378
35.00012528814749
35.000125287639584
35.00012528789696
35.0001252881498
35.000125288154756
35.00012528823761
35.00012528824871
35.0001252881198
35.00012528817093
35.00012528795003
35.000125288337756
35.00012528834978
35.000125288143195
35.00012528830518
35.000125288073725
35.00012528813098
35.000125288175646
35.00012528807809
35.000125287997186
35.00012528826661
35.00012528785723
35.00012528824408
35.000125285584296
35.000125287578605
35.000125288105956
35.0001252880421
35.0001252873662
35.000125288269665
35.00012528810706
35.000125287728274
35.00012528830734
35.000125288216104
35.00012528825823
35.00012528800151
35.00012528835482
35.00012528831488
35.00012528787258
35.00012528792906
35.00012528809062
35.00012528801702
35.000125288053326
35.000125287616925
35.00012528826682
35.000125288148915
35.000125287794084
35.000125287814114
35.00012528759197
35.00012528728917
35.00012528798322
35.00012528828073
35.00012528773132
35.000125288161016
35.000125288134505
35.000125288323076
99.52368447791225
99.5236844767739
99.52368446543282
99.52372990440155
99.52372990962233
99.52372990792315
99.52372991039866
99.52372991003595
99.52372991031417
99.5237299101782
99.52372991006577
99.52372991042222
99.52372991135826
99.52372991175821
99.52372991189179
99.52372991107589
99.52372991180633
99.52372991161056
99.52372991194628
99.5237299119476
99.52372991197166
99.52372991197757
99.52372991189289
99.52372991199225
99.52372991192493
99.52372991185884
99.52372991194275
99.52372991186904
99.52372991196323
99.523729911722
99.5237299118033
99.52372991187066
99.52372991188639
99.52372991178828
99.52372991189213
99.52372991187573
99.52372991150033
99.52372991177195
99.52372991147895
99.52372991184528
99.52372991175369
99.52372991173056
99.52372991142485
99.52372991123212
99.52372991131939
99.52372991135542
99.52372991141112
99.5237299113985
99.52372991036016
99.52372991087871
99.52372991128067
99.52372991084654
99.52372991075391
99.52372991065151
99.52372990851072
99.52372990815186
99.52372990925093
99.52372990919922
99.52372990859381
99.52372990901111
99.52372991129633
99.52372991131459
99.5237299113836
99.5237299104124
99.5237299112509
99.52372991057423
99.52372991150833
99.52372991152119
99.52372991158603
99.52372991161461
99.52372991153524
99.5237299116016
99.52372991082022
99.52372991098765
99.52372991133629
99.52372991090004
99.52372991111459
99.52372991066345
99.52372991158535
99.52372991152518
99.52372991161535
99.52372991158327
99.52372991156294
99.52372991163483
99.52372991150142
99.5237299113942
99.52372991156548
99.52372991092196
99.52372991083355
99.52372991164367
99.52372990935633
99.52372990991712
99.52372990970197
99.52372991051612
99.52372990977018
99.52372991171747
99.52372991132354
99.52372991159456
99.52372991146099
99.52372991126066
99.523729911588
99.52372991187153
99.52372991181564
99.52372991182499
99.52372991194771
99.52372991185993
99.52372991191753
99.523729911547
99.52372991145482
99.52372991134942
99.52372991161856
99.52372991148617
99.52372991157513
99.52372990941677
99.5237299101786
99.52372991003102
99.52372991044419
99.52372991007523
99.52372990966695
99.52372991006033
99.5233057158615
99.52372991109462
99.52372991160378
99.52372991048024
99.52372991044224
99.5237299112796
99.52372991000216
99.5237299101013
99.52372990989134
99.52372990963252
99.52372990993358
99.52372991002292
99.52372991028288
99.52372991033401
99.52372990991206
99.52372991008625
99.52372990925157
99.52372991000482
99.52372991000698
99.52372991008166
99.52372991045664
99.52372991028096
99.5237299098979
99.52372990984216
99.52372991030559
99.52372991035215
99.52372991004387
99.52390462701092
99.52390462731178
99.52390462719876
99.52390462724614
99.52390462726953
99.52390462735679
99.52390462732254
99.52390462715391
99.52390462733547
99.52390462762811
99.52390462757668
99.52390462755984
99.52390462761599
99.52390462762813
99.52390462757548
99.52390462772301
99.52390462770869
99.52390462758994
99.52390462778277
99.52390462771905
99.52390462774682
99.52390462777008
99.52390462772891
99.52390462769786
99.52390462754602
99.52390462769084
99.52390462760675
99.52390462782512
99.52390462773444
99.52390462778165
99.52390462784896
99.52390462783293
99.5239046278335
99.52390462796815
99.52390462793609
99.52390462769432
99.52390462788925
99.52390462797929
99.52390462800685
99.52390462800741
99.52390462802197
99.5239046280275
99.5239046279901
99.52390462802975
99.52390462803025
99.52390462827559
99.52390462816628
99.52390462779047
99.5237299122619
99.52372991228061
99.52372991225111
99.52372991231888
99.52372991233037
99.52372991234135
99.52372991235806
99.52372991236554
99.52372991231101
99.52372991230965
99.52372991239885
99.52372991233004
99.52372991219032
99.52372991236639
99.5237299123307
99.52372991231398
99.52372991231572
99.52372991231809
99.52372991233155
99.52372991233703
99.52372991235184
99.52372991233287
99.52372991228071
99.52372991231925
99.52372991227122
99.52372991229063
99.52372991233838
99.52372991222725
99.52372991224534
99.52372991212113
99.52372991193809
99.52372991146933
99.52372991146619
99.52372990953384
99.52372990609344
99.52372991004802
99.5236844770953
99.52368447831111
99.52368447870958
35.000125287979294
35.000125287980225
35.0001252881445
35.00012528791171
35.00012528727856
35.00012528809612
35.00012528805531
35.000125287755914
35.00012528773282
35.000125287897085
35.0001252879965
35.00012528760893
35.000125288041346
35.00012528773748
35.00012528790755
35.00012528805273
35.00012528800173
35.00012528694623
35.0001252881795
35.00012528793399
35.000125287952564
35.0001252878632
35.00012528817671
35.00012528785065
35.00012528779474
35.00012528783938
35.000125287927816
35.00012528785129
35.00012528776566
35.000125287473104
35.00012528784869
35.00012528798032
35.00012528805914
35.00012528806937
35.00012528796818
35.00012528764953
35.0001252880986
35.00012528747984
35.00012528718415
35.00012528814642
35.000125287695944
35.000125287905355
35.00012528817723
35.00012528775905
35.00012528800004
35.00012528783103
35.000125288050995
35.000125287593725
35.00012528757575
35.00012528786879
35.000125287987714
35.00012528826355
35.000125288006345
35.00012528754648
99.52368447763627
99.52368446967033
99.52368447729347
99.52372991013286
99.52330396345636
99.52330404712887
99.52372991073105
99.5237299102739
99.52372991069278
99.52372991090104
99.52372991060355
99.52372991052975
99.52372990960052
99.52372991184531
99.52372991158082
99.52372991182585
99.52372991075073
99.52372991159157
99.52372991209332
99.52372991211115
99.5237299120759
99.52372991200362
99.52372991203633
99.52372991208226
99.52372991203268
99.52372991199128
99.52372991205951
99.52372991209727
99.52372991209906
99.52372991205351
99.52372991208058
99.52372991192638
99.52372991197723
99.52372991188314
99.52372991186752
99.5237299119675
99.52372991184654
99.52372991206727
99.52372991178679
99.52372991180084
99.52372991141324
99.52372991159189
99.52372991122412
99.52372991139931
99.52372991132667
99.52372991140456
99.52372991132019
99.52372991125765
99.52372990959122
99.52372991131669
99.5237299113938
99.52372990997397
99.5237299105286
99.52372991115779
99.52372990961135
99.52372990870848
99.52372990905421
99.52372990814688
99.5237299091434
99.52372990951329
99.52372991057804
99.52372991128017
99.52372991037302
99.52372991125013
99.52372991100818
99.52372991133531
99.52372991142845
99.52372991159497
99.5237299116433
99.52372991164323
99.52372991154976
99.52372991143599
99.52372991104741
99.52372991062677
99.52372991076943
99.52372990996453
99.52372991134534
99.52372991107646
99.5237299115659
99.52372991148643
99.52372991156213
99.52372991147298
99.52372991154668
99.52372991160314
99.52372991102537
99.52372991108932
99.52372991081677
99.52372991156312
99.52372990710835
99.52372991016696
99.5237299099981
99.52372991015565
99.52372990985378
99.5237299102389
99.52372990990975
99.52372991119523
99.52372991130122
99.5237299114034
99.52372991156885
99.52372991073173
99.52372991152312
99.5237299116511
99.52372991179473
99.52372991180137
99.52372991170887
99.52372991168319
99.52372991185061
99.52372991140535
99.5237299113906
99.52372991155153
99.52372991150389
99.52372991135576
99.5237299114018
99.52372990985988
99.5237299101728
99.52372991028915
99.52372991005825
99.52372990973593
99.52372990980942
99.52372990977914
99.52372991129258
99.52372991064055
99.52372991099905
99.52372991136646
99.52372991105794
99.52372991138975
99.52372990978449
99.5237299098459
99.52372991012103
99.52372991044803
99.52372990990736
99.52372990978489
99.52372990940248
99.52372991018461
99.52372990981367
99.52372990997576
99.52372991017408
99.5237299104436
99.52372991015177
99.52372990954812
99.5237299103174
99.52372990987045
99.52372990988603
99.52372990962004
99.52372991024687
99.52372991028636
99.52372991043225
99.52390462721353
99.52390462722103
99.52390462716365
99.52390462722484
99.52390462707334
99.52390462716787
99.52390462709086
99.52390462697583
99.52390462705416
99.52390462747698
99.52390462756296
99.52390462750975
99.52390462758426
99.52390462755962
99.52390462751544
99.52390462758105
99.5239046275632
99.52390462769976
99.52390462761173
99.52390462750864
99.52390462755531
99.52390462766989
99.52390462768159
99.52390462744354
99.52390462763444
99.5239046275111
99.52390462789522
99.5239046276876
99.52390462759854
99.52390462773802
99.52390462769526
99.52390462769138
99.52390462772627
99.52390462790048
99.52390462747479
99.52390462789273
99.52390462791524
99.5239046278209
99.52390462792901
99.52390462791935
99.52390462792012
99.52390462791409
99.52390462789697
99.5239046279621
99.52390462794382
99.52390462816064
99.5239046281666
99.52390462809822
99.52372991212955
99.5237299116519
99.5237299118569
99.52372991212702
99.52372991211826
99.52372991212312
99.52372991211637
99.52372991215103
99.52372991211057
99.52372991219539
99.5237299121756
99.52372991209208
99.52372991213073
99.52372991209813
99.52372991210942
99.523729912113
99.52372991213963
99.52372991210761
99.5237299121088
99.52372991214429
99.52372991209786
99.52372991212373
99.5237299121044
99.52372991216592
99.5237299120428
99.5237299119847
99.52372991198574
99.5237299120211
99.52372991200792
99.52372991195699
99.52372991144615
99.52372991141503
99.5237299113244
99.52372991001725
99.52372990591256
99.5237299098848
99.52368447532041
99.52368447797575
99.52368447862175
35.00012528778425
35.00012528794122
35.00012528811507
35.00012528801893
35.00012528828736
35.00012528806297
35.00012528794514
35.00012528816801
35.000125288099326
35.00012528805195
35.000125287500026
35.00012528813935
35.00012528833293
35.00012528838907
35.00012528778549
35.00012528799289
35.000125287962234
35.00012528817223
35.00012528828046
35.000125288022524
35.00012528814217
35.00012528804271
35.00012528836085
35.000125288132
35.000125288321264
35.000125288127514
35.0001252875722
35.00012528810907
99.52330390911513
35.00012528791783
35.000125287908034
99.52330390756968
35.00012528824683
35.00012528705771
35.00012528800209
35.00012528820201
35.00012528823105
35.0001252883298
99.52330391060735
99.52330390767715
99.52330390808315
35.00012528790877
99.52330390671847
35.00012528831685
35.000125287949245
35.00012528819999
99.52330390737333
99.5233039065765
99.52330390644727
99.52330390927976
99.52330390618187
35.0001252881504
99.52330390639334
99.52330390922961
99.52368446976652
99.52368446837747
99.5236844656981
99.52372990769163
99.52372990350828
99.52372990654284
99.52372990978918
99.52372990999616
99.52372991000402
99.52372991002551
99.52372990975546
99.52372991000172
99.52372991121153
99.52372991130099
99.52372991147597
99.52372991139471
99.52372991117966
99.52372991116214
99.5237299115942
99.52372991157392
99.52372991155039
99.52372991159592
99.52372991160786
99.52372991155555
99.52372991163088
99.52372991156011
99.52372991155674
99.52372991145745
99.52372991152535
99.52372991155704
99.52372991145265
99.52372991155552
99.52372991147982
99.5237299114982
99.52372991155562
99.5237299115039
99.52372991120338
99.52372991106725
99.52372991089365
99.52372991129117
99.52372991115715
99.52372991139296
99.52372991108035
99.52372991087213
99.5237299108941
99.52372991086746
99.52372991105405
99.52372991093526
99.52372990887477
99.52372991015818
99.52372991102214
99.52372991065835
99.52372991056886
99.52372991073005
99.52372990854848
99.52372990883728
99.52372990795173
99.52372990919152
99.52372990847978
99.5237299086276
99.52372991068927
99.52372991007984
99.52372991055246
99.52372991038844
99.5237299107582
99.52372991009946
99.52372991111056
99.52372991110455
99.52372991115952
99.5237299111939
99.52372991106097
99.52372991113533
99.52372991010701
99.52372991066797
99.52372991096081
99.52372991003041
99.52372991086035
99.52372991034184
99.52372991107644
99.52372991114969
99.52372991114869
99.52372991110637
99.52372991124322
99.52372991113295
99.52372991079562
99.52372991080563
99.52372991055697
99.52372991041159
99.52372991015879
99.52372991050933
99.52372990932709
99.52372990951908
99.52372990970035
99.52372990974096
99.52372991001954
99.52372991115729
99.5237299109438
99.52372991105318
99.5237299108756
99.52372991065997
99.52372991087053
99.52372991134541
99.52372991138469
99.52372991129694
99.52372991138094
99.52372991142511
99.5237299113622
99.52372991101736
99.52372991010725
99.52372991132077
99.52372991116684
99.52372991059265
99.52372991088184
99.52372990964312
99.52372990914839
99.5237299097491
99.52372990982404
99.52372990936398
99.52372990951841
99.52372990944278
99.52372991075457
99.52372991095308
99.52372991061907
99.52372991065674
99.52372991092307
99.52372991054894
99.52372990947713
99.52372990962645
99.5237299097876
99.52372990975697
99.52372990987216
99.5237299096778
99.52372990952601
99.52372990973174
99.52372990975506
99.5237299098501
99.52372990971425
99.5237299097173
99.52372990941146
99.52372990959472
99.5237299096542
99.52372991004081
99.52372990968799
99.52372990970332
99.52372990991132
99.52372990977811
99.52372990983885
99.5239046270592
99.52390462695789
99.52390462699906
99.52390462705651
99.52390462690009
99.52390462680309
99.5239046266939
99.52390462702478
99.52390462691577
99.5239046273761
99.52390462738846
99.52390462733413
99.52390462735217
99.52390462732238
99.52390462742656
99.52390462737144
99.52390462737141
99.52390462745944
99.5239046274596
99.52390462747323
99.52390462747665
99.52390462725435
99.52390462733666
99.52390462751933
99.52390462757009
99.52390462741259
99.52390462748207
99.52390462741438
99.52390462743215
99.52390462753756
99.52390462740821
99.52390462759237
99.52390462751677
99.5239046277248
99.52390462763445
99.5239046276907
99.52390462737392
99.52390462760926
99.52390462768956
99.52390462772162
99.52390462774919
99.523904627719
99.52390462771986
99.52390462770846
99.5239046277043
99.5239046279939
99.52390462793208
99.52390462795873
99.52372991167253
99.5237299117547
99.52372991166395
99.52372991179749
99.52372991177701
99.52372991180414
99.52372991175788
99.52372991177019
99.52372991178375
99.5237299116805
99.5237299117524
99.52372991170547
99.52372991176858
99.5237299116389
99.5237299117118
99.52372991176453
99.52372991176263
99.52372991175248
99.5237299117481
99.52372991177963
99.52372991178348
99.52372991163291
99.52372991177327
99.52372991169895
99.52372991167492
99.52372991179342
99.52372991169534
99.5237299116499
99.52372991163583
99.52372991136966
99.52372991140462
99.52372991093836
99.52372991086476
99.52372991012214
99.52372991019637
99.52372990945355
99.52368447635789
99.52368447602305
99.523684474321
99.52330390679099
99.52330390788917
99.52330390707819
99.52330390746705
99.52330390755007
99.52330390513212
99.52330390630911
99.5233039064199
99.52330390615018
99.52330391080777
99.52330390740723
99.5233039064065
99.52330390654032
99.52330390518947
99.52330390649819
35.000125288290945
35.000125287822506
99.52330390576346
99.52330390602349
99.52330390513085
35.00012528830044
99.52330390545877
99.52330390755445
99.52330390410566
35.00012528833325
99.5233039055497
35.00012528754645
99.52330390746513
35.00012528817176
99.52330390407347
99.5233039065384
99.52330390748925
99.52330390675726
99.52330390556712
99.52330390528019
99.52330390676437
99.52330390434003
99.52330390905091
99.52330390917865
99.5233039055051
99.52330390888967
99.52330390197541
99.52330390504713
99.52330390392788
35.00012528694236
35.00012528825304
99.52330390681475
99.52330390589816
99.52330390566047
99.52330390594523
99.52330390707377
99.52330390637752
99.5233039101953
99.52330390202185
99.52330394132248
99.5236844725764
99.52330396364559
99.5237299046072
99.52372990752713
99.52372990963971
99.52372990965021
99.52372990959309
99.52372990983267
99.52372990969813
99.52372990966231
99.52372990970085
99.52372991115716
99.52372991044034
99.5237299111423
99.52372991096148
99.52372991055532
99.52372991088686
99.52372991127524
99.52372991126924
99.52372991124632
99.52372991122779
99.52372991122662
99.52372991121517
99.52372991107781
99.52372991110173
99.52372991105099
99.52372991116815
99.52372991130365
99.52372991126708
99.52372991106712
99.52372991115918
99.52372991122698
99.52372991117207
99.52372991115038
99.5237299111491
99.52372991072903
99.5237299110786
99.52372991100167
99.52372991052049
99.52372991101187
99.52372991074293
99.52372991055985
99.52372991067138
99.5237299105515
99.52372991061534
99.52372991063042
99.52372991062133
99.52372990988682
99.5237299092438
99.52372990986656
99.52372991081134
99.52372990957724
99.52372991026677
99.52372990830173
99.5237299084056
99.52372990839392
99.52372990831815
99.52372990814213
99.52372990816319
99.52372991065823
99.52372991016087
99.52372991056824
99.52372991051446
99.52372990989562
99.52372991030606
99.52372991081401
99.52372991076459
99.52372991072859
99.52372991077874
99.52372991075597
99.52372991072406
99.52372991038969
99.5237299107116
99.52372990971809
99.52372990983605
99.52372991042769
99.52372991026067
99.52372991065712
99.52372991069753
99.52372991072825
99.52372991076119
99.52372991074155
99.52372991075532
99.52372990981446
99.52372991010644
99.52372991079612
99.52372991041193
99.5237299106789
99.5237299103853
99.5237299087092
99.52372990956155
99.52372990923152
99.52372990889899
99.52372990915677
99.52372991068731
99.52372991079002
99.52372991060768
99.52372991074812
99.52372991047422
99.52372991057481
99.52372991098734
99.52372991096348
99.52372991097953
99.52372991095605
99.52372991106391
99.52372991104104
99.52372991071431
99.52372991083222
99.5237299108584
99.52372991021069
99.52372991067048
99.523729910615
99.52372990892626
99.52372990911662
99.52372990933817
99.52372990928549
99.52372990931184
99.52372990953427
99.52372990950239
99.52372991036933
99.5237299098035
99.52372990974638
99.52372991038433
99.52372990967183
99.52372990987955
99.52372990934799
99.52372990926716
99.52372990940091
99.52372990875595
99.52372990927137
99.523729908817
99.5237299088122
99.52372990916965
99.52372990919623
99.523729908683
99.52372990937295
99.52372990920054
99.52372990926696
99.52372990942558
99.52372990933094
99.52372990931603
99.52372990941599
99.52372990926158
99.52372990946922
99.52372990936121
99.52372990903108
99.52390462666484
99.52390462675854
99.52390462682362
99.5239046266062
99.52390462678117
99.52390462675564
99.52390462654401
99.52390462678972
99.52390462647558
99.52390462703005
99.52390462709202
99.52390462709994
99.52390462709049
99.52390462716126
99.52390462711593
99.5239046272169
99.52390462707193
99.52390462721226
99.52390462717628
99.52390462726292
99.5239046272959
99.52390462715067
99.52390462685432
99.52390462724388
99.52390462723936
99.52390462725363
99.52390462729876
99.52390462730544
99.52390462726503
99.52390462734108
99.5239046273031
99.52390462739675
99.52390462731532
99.52390462740489
99.52390462738751
99.52390462751177
99.52390462749749
99.52390462750355
99.52390462744201
99.52390462750202
99.52390462750509
99.52390462749162
99.52390462751177
99.52390462752975
99.52390462749986
99.52390462777196
99.52390462775449
99.52390462758245
99.52372991132081
99.52372991125357
99.52372991119022
99.52372991134358
99.523729911348
99.52372991137625
99.52372991138162
99.52372991132665
99.52372991136441
99.52372991141246
99.52372991138967
99.52372991129786
99.52372991135897
99.52372991136609
99.52372991133971
99.52372991129727
99.52372991134575
99.52372991131553
99.52372991134024
99.523729911341
99.52372991136598
99.52372991127379
99.52372991122552
99.52372991137076
99.52372991134526
99.52372991125561
99.52372991127662
99.52372991125046
99.52372991119685
99.52372991103309
99.52372991112041
99.52372991060332
99.5237299104919
99.52372990643777
99.52372990916157
99.5237299090033
99.5236844774036
99.5236844767722
99.52368447525753
99.52330390088267
99.5233039051016
99.52330390329986
99.52330390400374
99.52330390399057
99.52330391037563
99.52330390265851
99.52330390459744
99.52330390591459
99.52330390547642
99.52330390612936
99.52330390365118
99.52330390208266
99.52330390357949
99.52330390429415
99.5233039050769
99.52330390384465
99.52330390623975
99.52330390157738
99.52330390119205
99.52330390586908
99.52330390405712
99.52330390282019
99.52330390497002
99.52330390547061
99.52330390589292
99.52330390130965
99.52330390633148
99.52330390417654
99.52330390331996
99.5233039011678
99.52330390402041
99.5233039030649
99.5233039057809
99.52330390279927
99.52330390439944
99.5233039042876
99.52330390443021
99.52330390820946
99.52330390350498
99.52330390364813
99.52330390887609
99.5233039035898
99.52330390451192
99.52330390013594
99.52330390187319
99.52330390267426
99.52330390636652
99.52330390711228
99.52330390173468
99.52330390205034
99.52330389937266
99.52330389990921
99.52330390215565
99.52368446962221
99.52368447476022
99.52368447545449
99.52372990550737
99.52372990163319
99.52372990904804
99.5237299092427
99.52372990895951
99.52372990906717
99.52372990933904
99.52372990907884
99.5237299090287
99.52372991051259
99.52372991056565
99.52372991060535
99.52372990951669
99.52372991033094
99.52372990997974
99.5237299107855
99.5237299107202
99.52372991087132
99.52372991077344
99.52372991077452
99.52372991079159
99.52372991064408
99.52372991075292
99.52372991077526
99.52372991065141
99.52372991068934
99.52372991062161
99.52372991074733
99.52372991069134
99.52372991070435
99.5237299106748
99.52372991068859
99.52372991074206
99.5237299107835
99.5237299104879
35.00002423017485
35.00002395299318
35.00002417275379
35.000024036917445
35.000024272353244
35.00002402330166
35.00002410657817
35.0000240766747
35.00002399233232
35.00002405249904
35.00002411923816
35.00002420937063
35.00002376108678
35.00002373992447
35.000024106561746
35.00002401437541
35.00002406994785
35.00002375911885
35.0000239062464
35.0000238616503
35.000023716410915
35.00002366541704
35.000024095378386
35.00002384835511
35.00002378714919
35.000023593253914
35.000023739292395
35.00002368284444
35.00002381683553
35.000023657237115
35.00002399034757
35.00002363654634
35.00002377794942
35.000023962121794
35.000023697851354
35.000023377191006
35.00002369358736
35.000023568721865
35.000023558106385
35.00002364529608
35.00002351846846
35.000023707272085
35.00002337825779
35.00002371939013
35.00002362127079
35.00002345628641
35.000023770258984
35.00002355335419
35.00002389380425
35.00002323703151
35.00002340468891
35.000023436666815
35.00002354095691
35.00002352753895
35.00002349965294
35.00002334514623
35.00002354843691
35.000023421121
35.00002343546286
35.000023185439495
35.000023658468145
35.000023320015295
35.000023037623386
35.00002338766941
35.000023356423284
35.000023216946346
35.00002328174683
35.00002329224751
35.00002323148185
35.00002306872825
35.00002324725224
35.00002317981494
35.00002313136944
35.000023096743234
35.00002295021702
35.00002338165574
35.00002336141252
35.00002319818294
35.00002337234147
35.000023272079275
35.00002347370885
35.0000236525543
35.00002326644091
35.00002338198707
35.00002319791585
35.000023413778955
35.00002342379122
35.00002354012495
35.00002367262901
35.00002366328774
35.0000237746687
35.000023675738134
35.00002363491031
35.00002358113541
35.00002348564598
35.00002341121036
35.000023485680735
35.00002367967637
35.000023766916556
35.00002396783715
35.000023700785576
35.00002352513246
35.00002390427416
35.00002354482506
35.00002394165039
35.000023822981156
35.00002391961037
35.000023582322584
35.00002387241863
35.00002471555418
35.00002482674142
35.000024692719876
35.00002451869837
35.000024804893044
35.00002485596457
35.00002454497685
35.0000246743836
35.000024645951285
35.0000245685757
35.00002480548547
35.00002495607076
35.00002444831901
35.000024429323595
35.00002488190185
35.00002490332453
35.00002466291439
35.00002502382172
35.00002469467885
35.00002476209942
35.00002446778884
35.00002457640553
35.00002454243834
35.00002482467481
35.000024826208104
35.000024552754475
35.00002474877765
35.00002483066486
35.00002480468115
35.00002454802348
35.00002482598783
35.00002462166218
35.00002480342361
35.000024899483975
35.000024775314756
35.000024850806106
35.000024931606646
35.000024567536585
35.00002483599382
35.00002510736621
35.000024845063386
35.00002464663741
35.000024772489695
35.00002446920493
35.00002480432557
35.00002481997763
35.00002472704935
35.00002511758088
35.0000237033035
35.00002383517441
35.00002353461166
35.000024020841174
35.00002399951106
35.00002385828468
35.00002399513946
35.0000241800127
35.00002387328082
35.000024039483336
35.00002419285347
35.00002401436865
35.00002379422656
35.000023973969526
35.00002397203077
35.000023909647325
35.00002403060206
35.000023703082576
35.00002386865217
35.00002384276869
35.000024206747106
35.0000236556861
35.00002398440777
35.00002381668083
35.00002375037108
35.00002407183641
35.000023760327956
35.00002385171094
35.000024067063215
35.000023884029076
35.00002385824676
35.000023958364594
35.000023986050614
35.000023886439756
35.00002412898821
35.00002363546779
