99.52435664362434
99.52435664342234
99.52435664254509
99.52435640623888
99.52435640622551
99.52435640622446
99.52435640619153
99.52435640613953
99.52435640601453
99.5243564060156
99.52435640598816
99.52435640608435
99.524356406057
99.52435640604833
99.52435640623762
99.52435640629587
99.52435640595947
99.52435640605445
99.52435640628795
99.52435640634569
99.52435640576209
99.52435640595522
99.52435640625026
99.52435640609221
99.52435640616002
99.52435640595002
99.52435640630979
99.5243564060253
99.52435640627134
99.52435640598506
99.524356405876
99.52435640620271
99.52435640604827
99.52435640592591
99.52435640614826
99.52435640603676
99.52435640618341
99.52435640611714
99.52435640589587
99.52435640613398
99.52435640604195
99.52435640610739
99.52435640585082
99.52435640600419
99.52435640595718
99.52435640622735
99.52435640613511
99.52435637989522
99.52435638001178
99.52435637984951
99.52435637979696
99.5243563799312
99.52435637975826
99.52435637981225
99.52435637985309
99.5243563798484
99.52435637993156
99.52435663419085
99.52435663418532
99.52435663420384
99.52435666138155
99.52435666141186
99.52435666142038
99.52435666143317
99.52435666139405
99.52435666135781
99.52435666142402
99.52435666141946
99.52435666140302
99.5243566613875
99.5243566613967
99.52435666142526
99.52435666141241
99.52435666135567
99.52435666141501
99.52435666138545
99.52435666144186
99.52435666141861
99.52435666141514
99.52435666142351
99.52435666146776
99.52435666144032
99.52435666141264
99.5243566614163
99.5243566613798
99.52435666140657
99.52435666140953
99.52435666141241
99.52435666142347
99.52435666139183
99.52435666141068
99.52435666140065
99.52435666144262
99.52435666139654
99.52435666140862
99.52435666430002
99.52435666429857
99.52435666429785
99.52435666429405
99.52435666430046
99.52435666429918
99.52435666430075
99.52435666429939
99.5243566642988
99.52435666430011
99.52435666430148
99.52435666432149
99.52435666430056
99.5243566643061
99.52435666433075
99.52435666430341
99.52435666432872
99.52435666432906
99.52435666432501
99.52435666432682
99.52435666432147
99.52435666432586
99.52435666430432
99.52435666429756
99.52435666429722
99.5243566642943
99.52435666429868
99.52435666430382
99.52435666429781
99.52435666429614
99.52435666429551
99.52435666429815
99.52435666429638
99.52435666429817
99.5243566643069
99.52435666430424
99.5243566643016
99.52435666434721
99.52435666430148
99.52435666429939
99.52435666431842
99.52435666432373
99.52435666432726
99.5243566643163
99.52435666431495
99.52435666431684
99.52435666432304
99.5243566644624
99.52435666434627
99.5243566643203
99.52435666432709
99.52435666431998
99.52435666434059
99.52435666432919
99.52435666435159
99.52435666432795
99.524356664336
99.52435666433435
99.5243566642961
99.524356664303
99.52435666429423
99.52435666430063
99.52435666429847
99.52435666429366
99.52435666429261
99.5243566642923
99.52435666429436
99.52435666429226
99.52435666429196
99.52435666429184
99.52435666429724
99.52435666429494
99.52435666429669
99.5243566642935
99.52435666429557
99.52435666429496
99.5243566643125
99.52435666432036
99.52435666431047
99.52435666431046
99.52435666431661
99.52435666431424
99.52435666433024
99.52435666431779
99.52435666430495
99.52435666431029
99.52435666430858
99.52435666431583
99.52435666431269
99.52435666430671
99.52435666431205
99.52435666431529
99.52435666430884
99.52435666431036
99.52435666432079
99.52435666431217
99.52435666430864
99.52435666430566
99.52435666432896
99.52435666431803
99.52435666430445
99.52435666431153
99.52435666431506
99.52435666430678
99.52435666430671
99.5243566643139
99.52435666429993
99.52435666431909
99.52435666430023
99.52435676987211
99.52435676986777
99.52435676987274
99.52435676986525
99.52435676986474
99.52435676986569
99.52435676986481
99.52435676986663
99.52435676986606
99.52435676986477
99.52435676986906
99.52435676986512
99.52435676986438
99.52435676986597
99.52435676986444
99.52435676986647
99.52435676986683
99.52435676986653
99.52435676986732
99.5243567698671
99.52435676986656
99.5243567698666
99.52435676986636
99.52435676986389
99.52435676986403
99.5243567698664
99.52435676986744
99.5243567698665
99.52435676986525
99.52435676986582
99.52435676986569
99.52435676986569
99.52435676986543
99.52435676986299
99.52435676986315
99.52435676986246
99.52435676986443
99.52435676986882
99.52435676986286
99.52435676986308
99.52435676986141
99.52435676986278
99.52435676986177
99.52435676986116
99.52435676986242
99.52435676985846
99.52435676985957
99.52435676985948
99.52435666428379
99.524356664284
99.52435666428627
99.52435666428286
99.52435666428238
99.52435666428383
99.52435666428275
99.52435666428374
99.52435666428343
99.52435666428278
99.52435666428394
99.52435666428384
99.52435666428329
99.5243566642825
99.52435666428572
99.52435666428391
99.52435666428241
99.52435666428319
99.52435666428316
99.52435666428511
99.52435666428251
99.52435666428269
99.52435666428313
99.52435666428285
99.52435666428354
99.52435666428468
99.5243566642848
99.52435666428585
99.52435666428333
99.52435666428585
99.52435666429193
99.5243566642954
99.52435666429696
99.52435666431217
99.52435666430358
99.52435666429727
99.52435663746677
99.52435663754606
99.52435663751282
99.52435639026886
99.52435639025789
99.52435639026031
99.52435639024065
99.5243563902587
99.52435639026656
99.5243563902607
99.52435639025417
99.52435639026447
99.52435639025403
99.52435639023608
99.52435639026443
99.52435639026768
99.52435639026946
99.5243563902606
99.52435639026578
99.5243563902417
99.52435639026079
99.52435639025784
99.52435639023771
99.52435639024526
99.52435639026245
99.52435639022875
99.52435639025883
99.52435639024326
99.5243563902632
99.52435639026969
99.52435639025663
99.52435639025965
99.52435639023187
99.52435639025138
99.52435639027152
99.5243563902631
99.52435639026982
99.52435639024645
99.52435639024064
99.52435639022694
99.5243563902516
99.5243563902449
99.52435639025923
99.52435639026727
99.52435639025417
99.52435639024898
99.52435639024729
99.52435639025208
99.5243563902624
99.5243563902699
99.52435639027149
99.52435639024719
99.52435639025306
99.52435639026041
99.52435639026046
99.52435639025532
99.52435639024851
99.5243566374677
99.52435663748852
99.5243566374776
99.52435666430948
99.52435666431897
99.52435666430743
99.52435666430817
99.52435666431023
99.52435666430985
99.52435666430421
99.52435666431352
99.5243566643065
99.52435666429365
99.52435666429145
99.52435666429041
99.52435666428963
99.52435666429271
99.5243566642876
99.52435666428497
99.52435666428748
99.52435666428597
99.52435666428737
99.52435666428626
99.52435666428582
99.52435666428646
99.52435666428624
99.52435666428515
99.52435666428684
99.5243566642847
99.52435666428576
99.52435666428717
99.52435666428796
99.5243566642881
99.52435666428596
99.52435666428684
99.52435666428536
99.52435666429305
99.52435666428626
99.52435666423874
99.52435666423794
99.5243566642373
99.52435666424026
99.52435666424107
99.52435666423996
99.52435666424002
99.5243566642396
99.52435666423781
99.52435666423801
99.52435666427134
99.52435666424385
99.52435666424562
99.52435666424653
99.52435666423766
99.52435666424499
99.52435666426577
99.5243566642685
99.5243566642613
99.52435666426335
99.52435666427404
99.52435666426243
99.52435666424428
99.52435666424388
99.52435666423327
99.52435666423963
99.52435666425727
99.52435666424584
99.52435666423264
99.5243566642339
99.52435666423362
99.52435666423428
99.52435666423423
99.52435666423362
99.52435666423963
99.52435666423789
99.52435666423305
99.52435666423614
99.52435666423605
99.5243566642369
99.52435666425991
99.52435666425022
99.52435666425491
99.52435666425481
99.52435666425536
99.52435666425477
99.5243566642571
99.52435666429118
99.52435666425201
99.52435666426473
99.52435666425865
99.52435666425497
99.52435666430773
99.52435666426652
99.52435666427343
99.52435666426953
99.5243566642665
99.52435666426844
99.52435666424078
99.52435666423462
99.52435666423393
99.52435666423455
99.5243566642408
99.52435666422963
99.52435666422829
99.52435666422835
99.52435666422707
99.52435666422942
99.52435666422824
99.52435666422828
99.52435666423389
99.52435666424016
99.52435666423774
99.52435666423187
99.52435666424304
99.5243566642306
99.52435666424566
99.52435666424296
99.52435666424661
99.52435666424756
99.52435666425262
99.52435666425048
99.52435666425147
99.52435666424697
99.5243566642557
99.52435666424603
99.52435666424972
99.52435666424326
99.52435666424816
99.52435666424878
99.52435666424819
99.52435666424444
99.52435666424581
99.52435666424424
99.52435666424941
99.52435666425089
99.52435666423855
99.52435666424994
99.52435666424427
99.52435666424351
99.5243566642489
99.52435666424269
99.52435666424786
99.52435666424194
99.52435666424475
99.52435666424385
99.52435666423675
99.52435666424878
99.52435666423904
99.52435676983436
99.52435676983384
99.52435676983796
99.52435676983521
99.52435676983472
99.52435676983588
99.52435676983491
99.52435676983478
99.52435676983559
99.5243567698349
99.5243567698332
99.52435676983418
99.52435676983423
99.52435676983733
99.52435676983312
99.52435676983549
99.52435676983502
99.52435676983512
99.52435676983679
99.5243567698351
99.52435676983686
99.5243567698351
99.5243567698339
99.52435676983627
99.52435676983404
99.52435676983421
99.52435676983316
99.52435676983332
99.5243567698337
99.52435676983353
99.52435676983431
99.52435676983406
99.52435676983444
99.52435676983153
99.52435676983386
99.5243567698334
99.52435676983127
99.52435676983404
99.52435676983546
99.52435676983083
99.52435676983112
99.52435676983076
99.52435676983109
99.52435676983075
99.52435676983067
99.52435676982746
99.52435676982695
99.52435676982819
99.52435666422014
99.52435666422043
99.52435666422186
99.52435666421928
99.5243566642189
99.52435666421985
99.52435666421934
99.52435666422218
99.52435666421971
99.5243566642188
99.52435666421907
99.52435666422183
99.52435666421908
99.52435666421971
99.52435666421941
99.52435666422008
99.52435666421972
99.52435666421952
99.52435666421937
99.52435666421944
99.52435666422036
99.52435666421981
99.52435666421951
99.5243566642195
99.52435666421921
99.52435666421944
99.52435666422049
99.5243566642206
99.52435666422058
99.5243566642228
99.52435666422495
99.52435666423054
99.52435666423422
99.52435666424098
99.52435666424267
99.5243566642551
99.5243566374178
99.52435663741069
99.52435663740324
99.52435639022853
99.52435639024046
99.52435639023635
99.52435639022926
99.52435639023015
99.52435639022602
99.52435639022465
99.52435639023072
99.52435639022826
99.52435639023419
99.52435639021908
99.52435639022085
99.52435639022823
99.52435639022107
99.52435639023162
99.52435639022949
99.52435639022903
99.52435639023209
99.524356390233
99.52435639022625
99.52435639023653
99.52435639022707
99.52435639025228
99.52435639024137
99.52435639023162
99.52435639023419
99.52435639024385
99.52435639022623
99.5243563902316
99.52435639023925
99.52435639022438
99.52435639022997
99.52435639022539
99.52435639023578
99.5243563902197
99.52435639022447
99.52435639023805
99.52435639023658
99.52435639023314
99.524356390235
99.52435639023368
99.5243563902414
99.52435639022708
99.52435639023142
99.52435639023486
99.52435639023595
99.52435639023933
99.52435639024239
99.52435639023106
99.52435639021698
99.5243563902364
99.52435639022383
99.52435639022576
99.5243563902164
99.52435663741049
99.5243566374281
99.52435663760286
99.52435666434616
99.52435666425956
99.52435666428794
99.5243566642468
99.52435666425279
99.52435666424813
99.52435666425028
99.52435666425234
99.52435666424628
99.5243566642309
99.52435666422419
99.52435666422218
99.52435666423581
99.52435666422356
99.52435666422677
99.52435666422122
99.52435666422122
99.52435666422099
99.52435666422092
99.52435666422237
99.52435666422078
99.52435666422187
99.52435666422296
99.5243566642217
99.524356664223
99.52435666422143
99.52435666422544
99.52435666422426
99.52435666422303
99.52435666422302
99.52435666422464
99.52435666422288
99.52435666422335
99.52435666422967
99.52435666422554
99.52435666423038
99.52435666422438
99.52435666422572
99.52435666422616
99.52435666423129
99.5243566642343
99.5243566642329
99.52435666423222
99.52435666423116
99.52435666423142
99.52435666424867
99.52435666423999
99.52435666423338
99.52435666424036
99.52435666424196
99.52435666424364
99.52435666427898
99.52435666428504
99.52435666426683
99.52435666426769
99.5243566642777
99.52435666427083
99.52435666423291
99.5243566642325
99.52435666423116
99.52435666424732
99.52435666423354
99.5243566642447
99.52435666422912
99.52435666422906
99.52435666422782
99.52435666422743
99.52435666422862
99.52435666422757
99.52435666424053
99.52435666423773
99.52435666423185
99.52435666423898
99.52435666423557
99.52435666424302
99.52435666422774
99.52435666422865
99.52435666422717
99.52435666422767
99.52435666422791
99.52435666422683
99.524356664229
99.52435666423078
99.52435666422785
99.52435666423855
99.5243566642401
99.52435666422657
99.52435666426443
99.52435666425528
99.52435666425879
99.52435666424535
99.52435666425782
99.52435666422554
99.52435666423214
99.5243566642276
99.52435666422991
99.52435666423318
99.5243566642277
99.5243566642231
99.52435666422393
99.52435666422373
99.52435666422193
99.52435666422315
99.5243566642223
99.52435666422849
99.52435666423011
99.52435666423173
99.52435666422747
99.52435666422964
99.52435666422802
99.52435666426385
99.52435666425117
99.52435666425372
99.52435666424671
99.52435666425288
99.5243566642596
99.52435666425312
99.52435638565105
99.52435666423595
99.52435666422757
99.52435666424618
99.52435666424678
99.52435666423297
99.52435666425419
99.5243566642525
99.52435666425605
99.52435666426013
99.52435666425536
99.5243566642538
99.52435666424931
99.5243566642485
99.52435666425549
99.52435666425274
99.5243566642666
99.52435666425411
99.52435666425396
99.52435666425262
99.52435666424651
99.52435666424942
99.52435666425578
99.52435666425659
99.5243566642489
99.52435666424809
99.52435666425333
99.52435676984486
99.52435676984008
99.52435676984179
99.52435676984113
99.52435676984068
99.52435676983934
99.5243567698399
99.52435676984244
99.5243567698396
99.52435676983492
99.52435676983579
99.524356769836
99.52435676983515
99.52435676983498
99.52435676983582
99.5243567698335
99.52435676983367
99.52435676983555
99.5243567698326
99.5243567698336
99.52435676983318
99.52435676983275
99.52435676983346
99.52435676983387
99.52435676983633
99.52435676983393
99.52435676983536
99.52435676983184
99.52435676983323
99.5243567698326
99.52435676983157
99.52435676983181
99.52435676983177
99.52435676982965
99.52435676983019
99.52435676983396
99.52435676983092
99.52435676982945
99.52435676982905
99.52435676982907
99.52435676982884
99.52435676982877
99.52435676982934
99.52435676982876
99.52435676982877
99.52435676982495
99.52435676982667
99.52435676983258
99.52435666421674
99.52435666421643
99.52435666421688
99.52435666421569
99.52435666421557
99.52435666421542
99.5243566642153
99.52435666421515
99.5243566642158
99.52435666421579
99.5243566642146
99.52435666421549
99.52435666421778
99.52435666421493
99.5243566642153
99.5243566642156
99.52435666421559
99.52435666421556
99.5243566642154
99.5243566642153
99.52435666421515
99.52435666421533
99.52435666421604
99.52435666421556
99.52435666421628
99.5243566642159
99.52435666421518
99.52435666421711
99.52435666421677
99.52435666421876
99.52435666422168
99.52435666422951
99.52435666422956
99.52435666426159
99.52435666431859
99.52435666425293
99.52435663742376
99.52435663740498
99.52435663739898
99.52435639022444
99.5243563902234
99.5243563902173
99.52435639022777
99.52435639023965
99.52435639022015
99.52435639022266
99.5243563902324
99.52435639023311
99.5243563902281
99.52435639022563
99.5243563902356
99.5243563902221
99.52435639023301
99.5243563902278
99.52435639022217
99.52435639022474
99.52435639024357
99.52435639021441
99.52435639022855
99.52435639022721
99.52435639022991
99.52435639021698
99.524356390231
99.52435639023295
99.524356390231
99.52435639022916
99.52435639023064
99.52435639023305
99.52435639023822
99.5243563902312
99.52435639022741
99.52435639022471
99.52435639022364
99.52435639022816
99.52435639023646
99.52435639022272
99.52435639023926
99.52435639024249
99.52435639022102
99.52435639023606
99.52435639023145
99.52435639022032
99.52435639023523
99.52435639022175
99.52435639022879
99.52435639021903
99.5243563902348
99.52435639023514
99.52435639022835
99.5243563902231
99.5243563902036
99.52435639022264
99.52435639023648
99.5243566374153
99.52435663753829
99.52435663742065
99.52435666425173
99.52435639003647
99.52435638975699
99.52435666424176
99.5243566642495
99.52435666424245
99.52435666423912
99.524356664244
99.52435666424523
99.52435666426061
99.5243566642233
99.52435666422797
99.52435666422384
99.5243566642417
99.52435666422781
99.52435666421938
99.52435666421923
99.52435666421982
99.52435666422096
99.52435666422038
99.52435666421965
99.52435666422046
99.52435666422127
99.5243566642203
99.52435666421958
99.52435666421961
99.52435666422042
99.52435666422006
99.52435666422258
99.52435666422186
99.5243566642233
99.52435666422379
99.52435666422218
99.52435666422426
99.52435666422092
99.5243566642256
99.52435666422534
99.52435666423175
99.52435666422873
99.52435666423476
99.52435666423196
99.52435666423311
99.52435666423175
99.52435666423315
99.52435666423413
99.5243566642618
99.52435666423325
99.52435666423192
99.52435666425542
99.52435666424616
99.52435666423574
99.52435666426128
99.5243566642763
99.5243566642706
99.52435666428555
99.524356664269
99.52435666426281
99.52435666424527
99.52435666423357
99.52435666424861
99.524356664234
99.52435666423801
99.52435666423256
99.52435666423092
99.52435666422825
99.52435666422753
99.52435666422757
99.52435666422893
99.52435666423075
99.52435666423737
99.5243566642442
99.52435666424178
99.52435666425514
99.52435666423216
99.5243566642366
99.52435666422862
99.52435666422994
99.52435666422849
99.52435666423007
99.52435666422886
99.52435666422787
99.52435666423752
99.52435666423641
99.52435666424093
99.52435666422848
99.52435666430229
99.52435666425177
99.52435666425457
99.52435666425181
99.524356664257
99.52435666425052
99.52435666425608
99.52435666423465
99.52435666423307
99.52435666423135
99.52435666422869
99.52435666424242
99.52435666422937
99.52435666422728
99.52435666422487
99.52435666422478
99.52435666422613
99.52435666422663
99.52435666422392
99.52435666423142
99.52435666423146
99.52435666422895
99.52435666422978
99.52435666423214
99.52435666423135
99.52435666425704
99.52435666425181
99.5243566642499
99.52435666425352
99.52435666425906
99.52435666425772
99.52435666425826
99.52435666423305
99.52435666424392
99.52435666423798
99.52435666423204
99.52435666423703
99.52435666423166
99.52435666425826
99.52435666425731
99.52435666425264
99.5243566642472
99.524356664256
99.52435666425815
99.52435666426457
99.52435666425161
99.52435666425775
99.52435666425522
99.52435666425184
99.5243566642473
99.5243566642522
99.52435666426227
99.52435666424948
99.52435666425674
99.52435666425646
99.52435666426096
99.5243566642506
99.52435666425006
99.5243566642475
99.5243567698419
99.5243567698418
99.52435676984273
99.52435676984173
99.52435676984409
99.52435676984256
99.52435676984383
99.52435676984561
99.52435676984433
99.52435676983775
99.52435676983642
99.52435676983723
99.52435676983602
99.52435676983644
99.52435676983707
99.5243567698361
99.52435676983642
99.52435676983424
99.52435676983563
99.52435676983725
99.52435676983653
99.52435676983468
99.52435676983451
99.52435676983833
99.52435676983522
99.52435676983724
99.5243567698312
99.52435676983437
99.52435676983588
99.52435676983364
99.52435676983433
99.52435676983437
99.52435676983386
99.52435676983114
99.52435676983784
99.52435676983119
99.52435676983089
99.52435676983232
99.5243567698307
99.52435676983086
99.52435676983083
99.52435676983094
99.52435676983116
99.52435676983018
99.52435676983046
99.52435676982705
99.52435676982698
99.52435676982815
99.52435666421977
99.52435666422767
99.5243566642242
99.52435666421968
99.52435666421984
99.52435666421977
99.52435666421985
99.52435666421943
99.52435666421991
99.52435666421871
99.52435666421889
99.52435666422029
99.52435666421958
99.52435666422029
99.52435666422022
99.52435666421992
99.52435666421958
99.52435666422
99.52435666421994
99.52435666421951
99.52435666422006
99.52435666421967
99.52435666422002
99.52435666421913
99.52435666422117
99.52435666422197
99.52435666422193
99.52435666422143
99.52435666422161
99.5243566642224
99.52435666423104
99.5243566642314
99.52435666423297
99.52435666425458
99.52435666432262
99.52435666425684
99.52435663745209
99.52435663741123
99.52435663740124
99.52435639023895
99.52435639023632
99.5243563902316
99.52435639023469
99.52435639022536
99.52435639023311
99.52435639023787
99.52435639023084
99.52435639023363
99.52435639023396
99.52435639024401
99.5243563902324
99.52435639022386
99.52435639022076
99.52435639024064
99.52435639023692
99.5243563902369
99.52435639023183
99.52435639022946
99.5243563902371
99.52435639023304
99.52435639023753
99.52435639022586
99.52435639023443
99.52435639022748
99.52435639023588
99.52435639024453
99.52435639023624
99.52435639022265
99.52435639024047
99.52435639024053
99.52435639022801
99.52435639023311
99.52435639024897
99.52435639023975
99.52435639023648
99.52435639023474
99.52435639023318
99.52435639021782
99.52435639022795
99.52435639022664
99.52435639024375
99.52435639023142
99.52435639023602
99.52435639024165
99.52435639023591
99.52435639022968
99.52435639023261
99.52435639023315
99.52435639022347
99.5243563902342
99.52435639023928
99.52435639023363
99.5243563902239
99.52435663754076
99.52435663756224
99.52435663760352
99.52435666429618
99.52435666436544
99.52435666431528
99.5243566642615
99.52435666425811
99.52435666425797
99.52435666425762
99.52435666426209
99.52435666425805
99.52435666423797
99.5243566642365
99.52435666423374
99.52435666423503
99.52435666423864
99.52435666423898
99.52435666423179
99.52435666423214
99.52435666423253
99.5243566642318
99.52435666423159
99.52435666423247
99.5243566642313
99.52435666423247
99.5243566642325
99.52435666423422
99.52435666423303
99.52435666423258
99.5243566642343
99.52435666423267
99.52435666423392
99.52435666423372
99.52435666423283
99.52435666423364
99.52435666423864
99.52435666424101
99.52435666424402
99.5243566642374
99.52435666423966
99.52435666423575
99.52435666424095
99.52435666424437
99.52435666424397
99.52435666424444
99.52435666424137
99.52435666424329
99.52435666427749
99.52435666425619
99.52435666424188
99.5243566642478
99.52435666424944
99.52435666424671
99.52435666428282
99.52435666427802
99.52435666429267
99.52435666427223
99.52435666428396
99.52435666428141
99.52435666424735
99.5243566642574
99.52435666424952
99.52435666425217
99.5243566642461
99.52435666425708
99.52435666424023
99.52435666424037
99.52435666423948
99.52435666423892
99.52435666424105
99.52435666423992
99.52435666425689
99.5243566642477
99.52435666424269
99.52435666425811
99.52435666424438
99.52435666425288
99.52435666424086
99.52435666423958
99.52435666423963
99.52435666424027
99.52435666423814
99.52435666423987
99.5243566642454
99.52435666424527
99.52435666424941
99.52435666425178
99.52435666425599
99.5243566642502
99.52435666426985
99.5243566642666
99.5243566642636
99.52435666426294
99.52435666425829
99.52435666423949
99.52435666424303
99.52435666424124
99.52435666424417
99.52435666424773
99.52435666424422
99.52435666423641
99.52435666423565
99.52435666423717
99.5243566642358
99.52435666423509
99.5243566642361
99.52435666424192
99.52435666425696
99.52435666423692
99.52435666423938
99.52435666424894
99.52435666424417
99.5243566642646
99.52435666427279
99.52435666426294
99.52435666426167
99.52435666426928
99.52435666426675
99.52435666426798
99.52435666424627
99.52435666424293
99.5243566642485
99.5243566642479
99.52435666424357
99.52435666424977
99.52435666426747
99.52435666426508
99.52435666426241
99.52435666426287
99.52435666426095
99.52435666426415
99.52435666426669
99.52435666426327
99.52435666426292
99.52435666426135
99.52435666426359
99.52435666426354
99.5243566642686
99.52435666426554
99.5243566642646
99.52435666425811
99.52435666426402
99.5243566642638
99.52435666426031
99.52435666426256
99.52435666426156
99.52435676984638
99.52435676984798
99.52435676984736
99.52435676984643
99.5243567698489
99.52435676985043
99.52435676985218
99.52435676984693
99.52435676984865
99.52435676984142
99.52435676984122
99.52435676984207
99.52435676984177
99.52435676984226
99.52435676984061
99.5243567698415
99.52435676984149
99.52435676984014
99.52435676984011
99.5243567698399
99.52435676983981
99.52435676984334
99.52435676984203
99.52435676983914
99.52435676983836
99.52435676984084
99.52435676983976
99.52435676984076
99.52435676984052
99.5243567698389
99.52435676984092
99.52435676983802
99.52435676983923
99.52435676983596
99.52435676983738
99.5243567698365
99.52435676984143
99.52435676983778
99.52435676983652
99.52435676983603
99.52435676983558
99.52435676983605
99.52435676983606
99.52435676983623
99.5243567698363
99.52435676983175
99.52435676983269
99.52435676983231
99.52435666423139
99.52435666423003
99.52435666423139
99.52435666422934
99.52435666422963
99.52435666422922
99.52435666422993
99.52435666422976
99.52435666422956
99.52435666423118
99.52435666423001
99.52435666423077
99.52435666422981
99.52435666423193
99.52435666423065
99.52435666422983
99.52435666422986
99.52435666423001
99.52435666423007
99.52435666422963
99.52435666422956
99.52435666423199
99.52435666422971
99.52435666423092
99.52435666423132
99.52435666422946
99.52435666423094
99.52435666423173
99.52435666423193
99.52435666423632
99.5243566642358
99.52435666424353
99.52435666424473
99.52435666425704
99.52435666425582
99.52435666426811
99.52435663744063
99.52435663744583
99.52435663747205
99.52435639023315
99.52435639022937
99.52435639023219
99.52435639023082
99.52435639023055
99.52435639023884
99.52435639023481
99.52435639023443
99.52435639023537
99.52435639021934
99.524356390231
99.52435639023446
99.52435639023402
99.52435639023868
99.52435639023415
99.5243563902429
99.52435639025019
99.5243563902367
99.52435639023582
99.52435639023892
99.52435639024428
99.52435639023776
99.52435639023054
99.52435639024245
99.52435639024374
99.52435639023749
99.5243563902534
99.52435639023089
99.52435639024704
99.52435639024257
99.5243563902341
99.52435639023084
99.52435639023338
99.5243563902375
99.52435639023848
99.52435639023338
99.52435639024178
99.5243563902256
99.52435639022515
99.52435639023781
99.52435639022615
99.52435639025005
99.52435639023949
99.52435639024337
99.52435639025806
99.52435639024719
99.52435639023363
99.52435639023685
99.52435639023764
99.52435639023672
99.5243563902329
99.52435639023531
99.52435639022217
99.52435639025038
99.52435639011554
99.52435663750045
99.52435639003969
99.52435666435
99.52435666430158
99.52435666426658
99.52435666426642
99.5243566642674
99.5243566642634
99.52435666426564
99.52435666426629
99.52435666426562
99.52435666424154
99.5243566642534
99.52435666424174
99.52435666424476
99.52435666425153
99.52435666424603
99.52435666423959
99.5243566642397
99.52435666424009
99.5243566642404
99.5243566642404
99.52435666424059
99.52435666424286
99.52435666424249
99.52435666424329
99.52435666424138
99.52435666423918
99.52435666423979
99.52435666424313
99.5243566642416
99.52435666424046
99.52435666424141
99.52435666424176
99.52435666424181
99.52435666424871
99.52435666424306
99.52435666424438
99.52435666425234
99.52435666424418
99.52435666424861
99.52435666425164
99.52435666424984
99.52435666425181
99.52435666425073
99.5243566642505
99.52435666425065
99.52435666426284
99.52435666427347
99.52435666426312
99.52435666424745
99.52435666426793
99.52435666425652
99.52435666428906
99.52435666428737
99.52435666428752
99.52435666428882
99.52435666429169
99.52435666429139
99.52435666425004
99.52435666425824
99.52435666425148
99.52435666425237
99.52435666426261
99.52435666425582
99.52435666424739
99.52435666424822
99.5243566642488
99.52435666424793
99.52435666424839
99.52435666424891
99.52435666425441
99.52435666424908
99.52435666426553
99.52435666426356
99.52435666425379
99.52435666425654
99.52435666424999
99.52435666424934
99.5243566642488
99.52435666424823
99.52435666424859
99.52435666424832
99.52435666426398
99.52435666425906
99.52435666424768
99.52435666425403
99.52435666424958
99.52435666425444
99.52435666428228
99.5243566642681
99.52435666427358
99.52435666427914
99.52435666427485
99.52435666424952
99.52435666424776
99.52435666425082
99.52435666424847
99.52435666425302
99.52435666425137
99.52435666424452
99.52435666424492
99.52435666424464
99.52435666424502
99.52435666424326
99.52435666424363
99.52435666424903
99.5243566642471
99.52435666424667
99.52435666425738
99.52435666424984
99.52435666425069
99.5243566642787
99.52435666427557
99.52435666427186
99.52435666427274
99.5243566642723
99.52435666426864
99.52435666426919
99.52435666425481
99.52435666426419
99.52435666426506
99.5243566642546
99.52435666426639
99.52435666426297
99.52435666427172
99.52435666427313
99.52435666427088
99.52435666428154
99.524356664273
99.52435666428056
99.52435666428066
99.5243566642747
99.52435666427428
99.52435666428275
99.52435666427135
99.52435666427421
99.52435666427311
99.52435666427047
99.52435666427206
99.5243566642723
99.52435666427066
99.52435666427314
99.52435666426976
99.52435666427154
99.52435666427701
99.52435676985363
99.52435676985216
99.52435676985114
99.52435676985456
99.52435676985179
99.52435676985222
99.52435676985552
99.52435676985166
99.52435676985664
99.5243567698479
99.52435676984692
99.52435676984682
99.52435676984695
99.52435676984581
99.52435676984656
99.52435676984494
99.52435676984724
99.52435676984503
99.52435676984555
99.52435676984423
99.52435676984372
99.524356769846
99.52435676985067
99.52435676984453
99.5243567698446
99.52435676984435
99.52435676984365
99.52435676984355
99.52435676984419
99.52435676984302
99.52435676984359
99.52435676984214
99.52435676984341
99.52435676984197
99.52435676984227
99.52435676984032
99.52435676984054
99.52435676984047
99.52435676984142
99.52435676984047
99.52435676984041
99.52435676984067
99.52435676984032
99.52435676984007
99.52435676984051
99.52435676983623
99.52435676983653
99.52435676983922
99.52435666423918
99.52435666424033
99.52435666424134
99.52435666423881
99.52435666423874
99.5243566642383
99.52435666423821
99.52435666423905
99.5243566642385
99.52435666423767
99.52435666423804
99.52435666423958
99.52435666423857
99.52435666423844
99.52435666423885
99.52435666423956
99.52435666423878
99.52435666423928
99.52435666423887
99.52435666423887
99.52435666423848
99.52435666423997
99.52435666424074
99.5243566642384
99.5243566642388
99.52435666424027
99.52435666423993
99.52435666424039
99.52435666424125
99.52435666424395
99.52435666424255
99.52435666425109
99.52435666425295
99.52435666432014
99.52435666427499
99.5243566642776
99.52435663742668
99.52435663743644
99.52435663745975
99.52435639025472
99.52435639024014
99.52435639024635
99.52435639024397
99.52435639024398
99.52435639022195
99.52435639024858
99.5243563902419
99.52435639023736
99.52435639023884
99.5243563902366
99.52435639024516
99.5243563902506
99.5243563902454
99.52435639024293
99.52435639024023
99.52435639024449
99.52435639023626
99.52435639025234
99.52435639025366
99.5243563902375
99.52435639024378
99.52435639024806
99.52435639024063
99.52435639023889
99.52435639023744
99.52435639025327
99.52435639023594
99.52435639024337
99.52435639024633
99.52435639025379
99.52435639024391
99.52435639024723
99.52435639023788
99.52435639024819
99.52435639024264
99.52435639024306
99.52435639024257
99.52435639022953
99.52435639024574
99.52435639024529
99.52435639022727
99.52435639024552
99.52435639024235
99.52435639025751
99.52435639025151
99.52435639024876
99.52435639023606
99.52435639023346
99.52435639025204
99.52435639025094
99.52435639026022
99.52435639025839
99.52435639025062
99.52435663754711
99.52435663746799
99.52435663745729
99.52435666433611
99.52435666440033
99.52435666427743
99.52435666427422
99.5243566642789
99.52435666427714
99.52435666427263
99.52435666427691
99.52435666427773
99.52435666425315
99.52435666425225
99.52435666425164
99.52435666426969
99.52435666425616
99.52435666426203
99.52435666424866
99.52435666424974
99.52435666424725
99.52435666424887
99.52435666424884
99.52435666424854
99.52435666425097
99.5243566642492
99.52435666424883
99.52435666425087
99.52435666425025
99.5243566642514
99.5243566642493
99.52435666425022
99.52435666425004
99.52435666425049
99.52435666425026
99.52435666424941
99.5243566642487
99.5243566642536
99.52435666562924
99.52435666564229
99.52435666562518
99.52435666563332
99.52435666562353
99.52435666563802
99.5243566656311
99.52435666563485
99.5243566656399
99.52435666563402
99.52435666564145
99.52435666565182
99.52435666565786
99.52435666565975
99.52435666564962
99.52435666564601
99.52435666567919
99.52435666570506
99.5243566656896
99.52435666568584
99.52435666568864
99.52435666570597
99.52435666563707
99.52435666565609
99.5243566656702
99.524356665665
99.52435666566018
99.5243566656532
99.52435666564452
99.524356665657
99.52435666563278
99.52435666565854
99.52435666564777
99.52435666563483
99.52435666565813
99.52435666569296
99.52435666565965
99.52435666567774
99.52435666566336
99.52435666566465
99.5243566656664
99.52435666565106
99.52435666567679
99.52435666565091
99.52435666565643
99.52435666566929
99.5243566656495
99.52435666566362
99.52435666564112
99.52435666571137
99.52435666567271
99.52435666567713
99.52435666569309
99.5243566656932
99.52435666568648
99.52435666570314
99.52435666569151
99.52435666567814
99.52435666567438
99.52435666568981
99.52435666565498
99.52435666567901
99.52435666570699
99.52435666567071
99.52435666567425
99.52435666568334
99.52435666567692
99.52435666567565
99.52435666568158
99.52435666569669
99.5243566656805
99.52435666569136
99.52435666569302
99.52435666569815
99.52435666571238
99.52435666570905
99.52435666569701
99.52435666571046
99.52435666569922
99.52435666570398
99.52435666569443
99.52435666567726
99.52435666568653
99.52435666567924
99.52435666569316
99.52435666567636
99.52435639529058
99.52435666566178
99.52435666568294
99.52435666567872
99.52435666567251
99.52435666567436
99.52435666568051
99.52435666568172
99.52435666568478
99.524356665692
99.52435666568877
99.52435666567102
99.5243566656686
99.52435666565478
99.5243566656731
99.52435666568695
99.52435666566188
99.52435666568302
99.52435666565042
99.52435666566683
99.52435666565336
99.5243566656756
99.52435666566004
99.52435677056431
99.52435677056334
99.52435677056617
99.5243567705707
99.52435677056148
99.52435677055998
99.52435677057062
99.52435677056356
99.52435677056478
99.52435677056312
99.5243567705558
99.52435677055011
99.52435677056734
99.52435677056778
99.5243567705533
99.52435677055102
99.5243567705587
99.52435677054743
99.52435677055725
99.52435677055433
99.52435677056692
99.52435677056022
99.52435677056188
99.5243567705527
99.52435677055283
99.52435677056495
99.52435677055523
99.52435677055199
99.52435677055371
99.52435677056147
99.52435677055175
99.52435677055796
99.52435677055297
99.52435677054686
99.52435677055101
99.52435677054964
99.52435677054667
99.52435677055907
99.52435677055252
99.52435677053889
99.52435677054788
99.52435677055507
99.52435677055001
99.52435677056033
99.52435677054852
99.52435677054979
99.52435677054778
99.52435677053587
99.52435666563721
99.52435666563086
99.52435666586153
99.52435666561418
99.52435666561541
99.52435666562553
99.52435666561594
99.52435666560315
99.52435666562404
99.52435666561169
99.52435666560159
99.52435666561558
99.52435666562985
99.52435666561713
99.52435666561686
99.52435666562138
99.52435666561277
99.52435666563584
99.52435666562408
99.52435666562575
99.52435666560044
99.5243566656402
99.52435666561558
99.52435666562796
99.52435666563258
99.52435666560943
99.52435666563237
99.52435666562664
99.52435666561136
99.5243566656264
99.5243566656261
99.52435666562991
99.5243566656288
99.52435666567379
99.52435666563578
99.52435666568911
