1 3.000000 0.000000 0.000000 0.000000 0.000000 1.000000 1.000000 0.000000 12.500000 1.000000 1.100000 0.900000;
2 1.000000 0.000000 0.000000 0.000000 0.000000 1.000000 1.000000 0.000000 12.500000 1.000000 1.100000 0.900000;
3 1.000000 0.000000 0.000000 0.000000 0.000000 1.000000 1.000000 0.000000 12.500000 1.000000 1.100000 0.900000;
4 1.000000 0.000000 0.000000 0.000000 0.000000 1.000000 1.000000 0.000000 12.500000 1.000000 1.100000 0.900000;
5 1.000000 0.000000 0.000000 0.000000 0.000000 1.000000 1.000000 0.000000 12.500000 1.000000 1.100000 0.900000;
6 1.000000 0.000000 0.000000 0.000000 0.000000 1.000000 1.000000 0.000000 12.500000 1.000000 1.100000 0.900000;
7 1.000000 0.000000 0.000000 0.000000 0.000000 1.000000 1.000000 0.000000 12.500000 1.000000 1.100000 0.900000;
8 1.000000 0.063800 0.039500 0.000000 0.000000 1.000000 1.000000 0.000000 12.500000 1.000000 1.100000 0.900000;
9 1.000000 0.008500 0.005300 0.000000 0.000000 1.000000 1.000000 0.000000 12.500000 1.000000 1.100000 0.900000;
10 1.000000 0.000000 0.000000 0.000000 0.000000 1.000000 1.000000 0.000000 12.500000 1.000000 1.100000 0.900000;
11 1.000000 0.000000 0.000000 0.000000 0.000000 1.000000 1.000000 0.000000 12.500000 1.000000 1.100000 0.900000;
12 1.000000 0.021300 0.013200 0.000000 0.000000 1.000000 1.000000 0.000000 12.500000 1.000000 1.100000 0.900000;
13 1.000000 0.063800 0.039500 0.000000 0.000000 1.000000 1.000000 0.000000 12.500000 1.000000 1.100000 0.900000;
14 1.000000 0.000000 0.000000 0.000000 0.000000 1.000000 1.000000 0.000000 12.500000 1.000000 1.100000 0.900000;
15 1.000000 0.000000 0.000000 0.000000 0.000000 1.000000 1.000000 0.000000 12.500000 1.000000 1.100000 0.900000;
16 1.000000 0.000000 0.000000 0.000000 0.000000 1.000000 1.000000 0.000000 12.500000 1.000000 1.100000 0.900000;
17 1.000000 0.127500 0.079000 0.000000 0.000000 1.000000 1.000000 0.000000 12.500000 1.000000 1.100000 0.900000;
18 1.000000 0.000000 0.000000 0.000000 0.000000 1.000000 1.000000 0.000000 12.500000 1.000000 1.100000 0.900000;
19 1.000000 0.000000 0.000000 0.000000 0.000000 1.000000 1.000000 0.000000 12.500000 1.000000 1.100000 0.900000;
20 1.000000 0.063800 0.039500 0.000000 0.000000 1.000000 1.000000 0.000000 12.500000 1.000000 1.100000 0.900000;
21 1.000000 0.063800 0.039500 0.000000 0.000000 1.000000 1.000000 0.000000 12.500000 1.000000 1.100000 0.900000;
22 1.000000 0.000000 0.000000 0.000000 0.000000 1.000000 1.000000 0.000000 12.500000 1.000000 1.100000 0.900000;
23 1.000000 0.063800 0.039500 0.000000 0.000000 1.000000 1.000000 0.000000 12.500000 1.000000 1.100000 0.900000;
24 1.000000 0.000000 0.000000 0.000000 0.000000 1.000000 1.000000 0.000000 12.500000 1.000000 1.100000 0.900000;
25 1.000000 0.000000 0.000000 0.000000 0.000000 1.000000 1.000000 0.000000 12.500000 1.000000 1.100000 0.900000;
26 1.000000 0.127500 0.079000 0.000000 0.000000 1.000000 1.000000 0.000000 12.500000 1.000000 1.100000 0.900000;
27 1.000000 0.063800 0.039500 0.000000 0.000000 1.000000 1.000000 0.000000 12.500000 1.000000 1.100000 0.900000;
28 1.000000 0.000000 0.000000 0.000000 0.000000 1.000000 1.000000 0.000000 12.500000 1.000000 1.100000 0.900000;
29 1.000000 0.063800 0.039500 0.000000 0.000000 1.000000 1.000000 0.000000 12.500000 1.000000 1.100000 0.900000;
30 1.000000 0.000000 0.000000 0.000000 0.000000 1.000000 1.000000 0.000000 12.500000 1.000000 1.100000 0.900000;
31 1.000000 0.000000 0.000000 0.000000 0.000000 1.000000 1.000000 0.000000 12.500000 1.000000 1.100000 0.900000;
32 1.000000 0.127500 0.079000 0.000000 0.000000 1.000000 1.000000 0.000000 12.500000 1.000000 1.100000 0.900000;
33 1.000000 0.000000 0.000000 0.000000 0.000000 1.000000 1.000000 0.000000 12.500000 1.000000 1.100000 0.900000;
34 1.000000 0.127500 0.079000 0.000000 0.000000 1.000000 1.000000 0.000000 12.500000 1.000000 1.100000 0.900000;
35 1.000000 0.255000 0.158000 0.000000 0.000000 1.000000 1.000000 0.000000 12.500000 1.000000 1.100000 0.900000;
36 1.000000 0.127500 0.079000 0.000000 0.000000 1.000000 1.000000 0.000000 12.500000 1.000000 1.100000 0.900000;
37 1.000000 0.042500 0.026300 0.000000 0.000000 1.000000 1.000000 0.000000 12.500000 1.000000 1.100000 0.900000;
38 1.000000 0.000000 0.000000 0.000000 0.000000 1.000000 1.000000 0.000000 12.500000 1.000000 1.100000 0.900000;
39 1.000000 0.017000 0.010500 0.000000 0.000000 1.000000 1.000000 0.000000 12.500000 1.000000 1.100000 0.900000;
40 1.000000 0.000000 0.000000 0.000000 0.000000 1.000000 1.000000 0.000000 12.500000 1.000000 1.100000 0.900000;
41 1.000000 0.063800 0.039500 0.000000 0.000000 1.000000 1.000000 0.000000 12.500000 1.000000 1.100000 0.900000;
42 1.000000 0.000000 0.000000 0.000000 0.000000 1.000000 1.000000 0.000000 12.500000 1.000000 1.100000 0.900000;
43 1.000000 0.000000 0.000000 0.000000 0.000000 1.000000 1.000000 0.000000 12.500000 1.000000 1.100000 0.900000;
44 1.000000 0.042500 0.026300 0.000000 0.000000 1.000000 1.000000 0.000000 12.500000 1.000000 1.100000 0.900000;
45 1.000000 0.000000 0.000000 0.000000 0.000000 1.000000 1.000000 0.000000 12.500000 1.000000 1.100000 0.900000;
46 1.000000 0.000000 0.000000 0.000000 0.000000 1.000000 1.000000 0.000000 12.500000 1.000000 1.100000 0.900000;
47 1.000000 0.000000 0.000000 0.000000 0.000000 1.000000 1.000000 0.000000 12.500000 1.000000 1.100000 0.900000;
48 1.000000 0.106200 0.065800 0.000000 0.000000 1.000000 1.000000 0.000000 12.500000 1.000000 1.100000 0.900000;
49 1.000000 0.127500 0.079000 0.000000 0.000000 1.000000 1.000000 0.000000 12.500000 1.000000 1.100000 0.900000;
50 1.000000 0.000000 0.000000 0.000000 0.000000 1.000000 1.000000 0.000000 12.500000 1.000000 1.100000 0.900000;
51 1.000000 0.106200 0.065800 0.000000 0.000000 1.000000 1.000000 0.000000 12.500000 1.000000 1.100000 0.900000;
52 1.000000 0.063800 0.039500 0.000000 0.000000 1.000000 1.000000 0.000000 12.500000 1.000000 1.100000 0.900000;
53 1.000000 0.042500 0.026300 0.000000 0.000000 1.000000 1.000000 0.000000 12.500000 1.000000 1.100000 0.900000;
54 1.000000 0.000000 0.000000 0.000000 0.000000 1.000000 1.000000 0.000000 12.500000 1.000000 1.100000 0.900000;
55 1.000000 0.000000 0.000000 0.000000 0.000000 1.000000 1.000000 0.000000 12.500000 1.000000 1.100000 0.900000;
56 1.000000 0.021300 0.013200 0.000000 0.000000 1.000000 1.000000 0.000000 12.500000 1.000000 1.100000 0.900000;
57 1.000000 0.000000 0.000000 0.000000 0.000000 1.000000 1.000000 0.000000 12.500000 1.000000 1.100000 0.900000;
58 1.000000 0.255000 0.158000 0.000000 0.000000 1.000000 1.000000 0.000000 12.500000 1.000000 1.100000 0.900000;
59 1.000000 0.127500 0.079000 0.000000 0.000000 1.000000 1.000000 0.000000 12.500000 1.000000 1.100000 0.900000;
60 1.000000 0.000000 0.000000 0.000000 0.000000 1.000000 1.000000 0.000000 12.500000 1.000000 1.100000 0.900000;
61 1.000000 0.255000 0.158000 0.000000 0.000000 1.000000 1.000000 0.000000 12.500000 1.000000 1.100000 0.900000;
62 1.000000 0.170000 0.105400 0.000000 0.000000 1.000000 1.000000 0.000000 12.500000 1.000000 1.100000 0.900000;
63 1.000000 0.000000 0.000000 0.000000 0.000000 1.000000 1.000000 0.000000 12.500000 1.000000 1.100000 0.900000;
64 1.000000 0.255000 0.158000 0.000000 0.000000 1.000000 1.000000 0.000000 12.500000 1.000000 1.100000 0.900000;
65 1.000000 0.127500 0.079000 0.000000 0.000000 1.000000 1.000000 0.000000 12.500000 1.000000 1.100000 0.900000;
66 1.000000 0.191300 0.118500 0.000000 0.000000 1.000000 1.000000 0.000000 12.500000 1.000000 1.100000 0.900000;
67 1.000000 0.042500 0.026300 0.000000 0.000000 1.000000 1.000000 0.000000 12.500000 1.000000 1.100000 0.900000;
68 1.000000 0.085000 0.052700 0.000000 0.000000 1.000000 1.000000 0.000000 12.500000 1.000000 1.100000 0.900000;
69 1.000000 0.255000 0.158000 0.000000 0.000000 1.000000 1.000000 0.000000 12.500000 1.000000 1.100000 0.900000;
70 1.000000 0.000000 0.000000 0.000000 0.000000 1.000000 1.000000 0.000000 12.500000 1.000000 1.100000 0.900000;
71 1.000000 0.255000 0.158000 0.000000 0.000000 1.000000 1.000000 0.000000 12.500000 1.000000 1.100000 0.900000;
72 1.000000 0.127500 0.079000 0.000000 0.000000 1.000000 1.000000 0.000000 12.500000 1.000000 1.100000 0.900000;
73 1.000000 0.255000 0.158000 0.000000 0.000000 1.000000 1.000000 0.000000 12.500000 1.000000 1.100000 0.900000;
74 1.000000 0.255000 0.158000 0.000000 0.000000 1.000000 1.000000 0.000000 12.500000 1.000000 1.100000 0.900000;
75 1.000000 0.038200 0.023700 0.000000 0.000000 1.000000 1.000000 0.000000 12.500000 1.000000 1.100000 0.900000;
76 1.000000 0.063800 0.039500 0.000000 0.000000 1.000000 1.000000 0.000000 12.500000 1.000000 1.100000 0.900000;
77 1.000000 0.127500 0.079000 0.000000 0.000000 1.000000 1.000000 0.000000 12.500000 1.000000 1.100000 0.900000;
78 1.000000 0.000000 0.000000 0.000000 0.000000 1.000000 1.000000 0.000000 12.500000 1.000000 1.100000 0.900000;
79 1.000000 0.427100 0.264700 0.000000 0.000000 1.000000 1.000000 0.000000 12.500000 1.000000 1.100000 0.900000;
80 1.000000 0.637500 0.395100 0.000000 0.000000 1.000000 1.000000 0.000000 12.500000 1.000000 1.100000 0.900000;
81 1.000000 0.000000 0.000000 0.000000 0.000000 1.000000 1.000000 0.000000 12.500000 1.000000 1.100000 0.900000;
82 1.000000 0.127500 0.079000 0.000000 0.000000 1.000000 1.000000 0.000000 12.500000 1.000000 1.100000 0.900000;
83 1.000000 0.063800 0.039500 0.000000 0.000000 1.000000 1.000000 0.000000 12.500000 1.000000 1.100000 0.900000;
84 1.000000 0.191300 0.118500 0.000000 0.000000 1.000000 1.000000 0.000000 12.500000 1.000000 1.100000 0.900000;
85 1.000000 0.000000 0.000000 0.000000 0.000000 1.000000 1.000000 0.000000 12.500000 1.000000 1.100000 0.900000;
86 1.000000 0.425000 0.263400 0.000000 0.000000 1.000000 1.000000 0.000000 12.500000 1.000000 1.100000 0.900000;
87 1.000000 0.127500 0.079000 0.000000 0.000000 1.000000 1.000000 0.000000 12.500000 1.000000 1.100000 0.900000;
88 1.000000 0.063800 0.039500 0.000000 0.000000 1.000000 1.000000 0.000000 12.500000 1.000000 1.100000 0.900000;
89 1.000000 0.055300 0.034200 0.000000 0.000000 1.000000 1.000000 0.000000 12.500000 1.000000 1.100000 0.900000;
90 1.000000 0.000000 0.000000 0.000000 0.000000 1.000000 1.000000 0.000000 12.500000 1.000000 1.100000 0.900000;
91 1.000000 0.000000 0.000000 0.000000 0.000000 1.000000 1.000000 0.000000 12.500000 1.000000 1.100000 0.900000;
92 1.000000 0.000000 0.000000 0.000000 0.000000 1.000000 1.000000 0.000000 12.500000 1.000000 1.100000 0.900000;
93 1.000000 0.000000 0.000000 0.000000 0.000000 1.000000 1.000000 0.000000 12.500000 1.000000 1.100000 0.900000;
94 1.000000 0.093500 0.057900 0.000000 0.000000 1.000000 1.000000 0.000000 12.500000 1.000000 1.100000 0.900000;
95 1.000000 0.000000 0.000000 0.000000 0.000000 1.000000 1.000000 0.000000 12.500000 1.000000 1.100000 0.900000;
96 1.000000 0.127500 0.079000 0.000000 0.000000 1.000000 1.000000 0.000000 12.500000 1.000000 1.100000 0.900000;
97 1.000000 0.000000 0.000000 0.000000 0.000000 1.000000 1.000000 0.000000 12.500000 1.000000 1.100000 0.900000;
98 1.000000 0.255000 0.158000 0.000000 0.000000 1.000000 1.000000 0.000000 12.500000 1.000000 1.100000 0.900000;
99 1.000000 0.000000 0.000000 0.000000 0.000000 1.000000 1.000000 0.000000 12.500000 1.000000 1.100000 0.900000;
100 1.000000 0.255000 0.158000 0.000000 0.000000 1.000000 1.000000 0.000000 12.500000 1.000000 1.100000 0.900000;
101 1.000000 0.012700 0.007900 0.000000 0.000000 1.000000 1.000000 0.000000 12.500000 1.000000 1.100000 0.900000;
102 1.000000 0.000000 0.000000 0.000000 0.000000 1.000000 1.000000 0.000000 12.500000 1.000000 1.100000 0.900000;
103 1.000000 0.106200 0.065800 0.000000 0.000000 1.000000 1.000000 0.000000 12.500000 1.000000 1.100000 0.900000;
104 1.000000 0.000000 0.000000 0.000000 0.000000 1.000000 1.000000 0.000000 12.500000 1.000000 1.100000 0.900000;
105 1.000000 0.255000 0.158000 0.000000 0.000000 1.000000 1.000000 0.000000 12.500000 1.000000 1.100000 0.900000;
106 1.000000 0.127500 0.079000 0.000000 0.000000 1.000000 1.000000 0.000000 12.500000 1.000000 1.100000 0.900000;
107 1.000000 0.427100 0.264700 0.000000 0.000000 1.000000 1.000000 0.000000 12.500000 1.000000 1.100000 0.900000;
108 1.000000 0.000000 0.000000 0.000000 0.000000 1.000000 1.000000 0.000000 12.500000 1.000000 1.100000 0.900000;
109 1.000000 0.637500 0.395100 0.000000 0.000000 1.000000 1.000000 0.000000 12.500000 1.000000 1.100000 0.900000;
110 1.000000 0.637500 0.395100 0.000000 0.000000 1.000000 1.000000 0.000000 12.500000 1.000000 1.100000 0.900000;
111 1.000000 0.021300 0.013200 0.000000 0.000000 1.000000 1.000000 0.000000 12.500000 1.000000 1.100000 0.900000;
112 1.000000 0.425000 0.263400 0.000000 0.000000 1.000000 1.000000 0.000000 12.500000 1.000000 1.100000 0.900000;
113 1.000000 0.063800 0.039500 0.000000 0.000000 1.000000 1.000000 0.000000 12.500000 1.000000 1.100000 0.900000;
114 1.000000 0.000000 0.000000 0.000000 0.000000 1.000000 1.000000 0.000000 12.500000 1.000000 1.100000 0.900000;
115 1.000000 0.000000 0.000000 0.000000 0.000000 1.000000 1.000000 0.000000 12.500000 1.000000 1.100000 0.900000;
116 1.000000 0.255000 0.158000 0.000000 0.000000 1.000000 1.000000 0.000000 12.500000 1.000000 1.100000 0.900000;
117 1.000000 0.055300 0.034200 0.000000 0.000000 1.000000 1.000000 0.000000 12.500000 1.000000 1.100000 0.900000;
118 1.000000 0.000000 0.000000 0.000000 0.000000 1.000000 1.000000 0.000000 12.500000 1.000000 1.100000 0.900000;
119 1.000000 0.093500 0.057900 0.000000 0.000000 1.000000 1.000000 0.000000 12.500000 1.000000 1.100000 0.900000;
120 1.000000 0.000000 0.000000 0.000000 0.000000 1.000000 1.000000 0.000000 12.500000 1.000000 1.100000 0.900000;
121 1.000000 0.000000 0.000000 0.000000 0.000000 1.000000 1.000000 0.000000 12.500000 1.000000 1.100000 0.900000;
122 1.000000 0.000000 0.000000 0.000000 0.000000 1.000000 1.000000 0.000000 12.500000 1.000000 1.100000 0.900000;
123 1.000000 0.085000 0.052700 0.000000 0.000000 1.000000 1.000000 0.000000 12.500000 1.000000 1.100000 0.900000;
124 1.000000 0.106200 0.065800 0.000000 0.000000 1.000000 1.000000 0.000000 12.500000 1.000000 1.100000 0.900000;
125 1.000000 0.000000 0.000000 0.000000 0.000000 1.000000 1.000000 0.000000 12.500000 1.000000 1.100000 0.900000;
126 1.000000 0.000000 0.000000 0.000000 0.000000 1.000000 1.000000 0.000000 12.500000 1.000000 1.100000 0.900000;
127 1.000000 0.063800 0.039500 0.000000 0.000000 1.000000 1.000000 0.000000 12.500000 1.000000 1.100000 0.900000;
128 1.000000 0.063800 0.039500 0.000000 0.000000 1.000000 1.000000 0.000000 12.500000 1.000000 1.100000 0.900000;
129 1.000000 0.093500 0.057900 0.000000 0.000000 1.000000 1.000000 0.000000 12.500000 1.000000 1.100000 0.900000;
130 1.000000 0.095600 0.059300 0.000000 0.000000 1.000000 1.000000 0.000000 12.500000 1.000000 1.100000 0.900000;
131 1.000000 0.000000 0.000000 0.000000 0.000000 1.000000 1.000000 0.000000 12.500000 1.000000 1.100000 0.900000;
132 1.000000 0.063800 0.039500 0.000000 0.000000 1.000000 1.000000 0.000000 12.500000 1.000000 1.100000 0.900000;
133 1.000000 0.038200 0.023700 0.000000 0.000000 1.000000 1.000000 0.000000 12.500000 1.000000 1.100000 0.900000;
134 1.000000 0.029700 0.018400 0.000000 0.000000 1.000000 1.000000 0.000000 12.500000 1.000000 1.100000 0.900000;
135 1.000000 0.021300 0.013200 0.000000 0.000000 1.000000 1.000000 0.000000 12.500000 1.000000 1.100000 0.900000;
136 1.000000 0.063800 0.039500 0.000000 0.000000 1.000000 1.000000 0.000000 12.500000 1.000000 1.100000 0.900000;
137 1.000000 0.046700 0.029000 0.000000 0.000000 1.000000 1.000000 0.000000 12.500000 1.000000 1.100000 0.900000;
138 1.000000 0.042500 0.026300 0.000000 0.000000 1.000000 1.000000 0.000000 12.500000 1.000000 1.100000 0.900000;
139 1.000000 0.042500 0.026300 0.000000 0.000000 1.000000 1.000000 0.000000 12.500000 1.000000 1.100000 0.900000;
140 1.000000 0.127500 0.079000 0.000000 0.000000 1.000000 1.000000 0.000000 12.500000 1.000000 1.100000 0.900000;
141 1.000000 0.063800 0.039500 0.000000 0.000000 1.000000 1.000000 0.000000 12.500000 1.000000 1.100000 0.900000;
-999
1 0.000000 0.000000 999.000000 -999.000000 1.000000 100.000000 1.000000 999.000000 0.000000 0.000000 0.000000 0.000000 0.000000 0.000000 0.000000 0.000000 0.000000 0.000000 0.000000 0.000000;
-999
1 2 0.003711 0.002630 0.000000 999.000000 999.000000 999.000000 0.000000 0.000000 1.000000 -360.000000 360.000000;
2 3 0.011093 0.007865 0.000000 999.000000 999.000000 999.000000 0.000000 0.000000 1.000000 -360.000000 360.000000;
3 4 0.000058 0.000039 0.000000 999.000000 999.000000 999.000000 0.000000 0.000000 1.000000 -360.000000 360.000000;
4 5 0.000592 0.000418 0.000000 999.000000 999.000000 999.000000 0.000000 0.000000 1.000000 -360.000000 360.000000;
5 6 0.000437 0.000315 0.000000 999.000000 999.000000 999.000000 0.000000 0.000000 1.000000 -360.000000 360.000000;
6 7 0.003016 0.004019 0.000000 999.000000 999.000000 999.000000 0.000000 0.000000 1.000000 -360.000000 360.000000;
7 8 0.004733 0.006309 0.000000 999.000000 999.000000 999.000000 0.000000 0.000000 1.000000 -360.000000 360.000000;
8 9 0.004174 0.002952 0.000000 999.000000 999.000000 999.000000 0.000000 0.000000 1.000000 -360.000000 360.000000;
9 10 0.003260 0.002309 0.000000 999.000000 999.000000 999.000000 0.000000 0.000000 1.000000 -360.000000 360.000000;
10 11 0.000746 0.000527 0.000000 999.000000 999.000000 999.000000 0.000000 0.000000 1.000000 -360.000000 360.000000;
11 12 0.008302 0.005871 0.000000 999.000000 999.000000 999.000000 0.000000 0.000000 1.000000 -360.000000 360.000000;
12 13 0.007891 0.005569 0.000000 999.000000 999.000000 999.000000 0.000000 0.000000 1.000000 -360.000000 360.000000;
13 14 0.003138 0.002219 0.000000 999.000000 999.000000 999.000000 0.000000 0.000000 1.000000 -360.000000 360.000000;
14 15 0.006154 0.004354 0.000000 999.000000 999.000000 999.000000 0.000000 0.000000 1.000000 -360.000000 360.000000;
15 16 0.005531 0.003916 0.000000 999.000000 999.000000 999.000000 0.000000 0.000000 1.000000 -360.000000 360.000000;
16 17 0.002559 0.001813 0.000000 999.000000 999.000000 999.000000 0.000000 0.000000 1.000000 -360.000000 360.000000;
17 18 0.005325 0.003640 0.000000 999.000000 999.000000 999.000000 0.000000 0.000000 1.000000 -360.000000 360.000000;
18 19 0.001196 0.000849 0.000000 999.000000 999.000000 999.000000 0.000000 0.000000 1.000000 -360.000000 360.000000;
19 20 0.003595 0.002540 0.000000 999.000000 999.000000 999.000000 0.000000 0.000000 1.000000 -360.000000 360.000000;
20 21 0.002347 0.001582 0.000000 999.000000 999.000000 999.000000 0.000000 0.000000 1.000000 -360.000000 360.000000;
21 22 0.003685 0.001974 0.000000 999.000000 999.000000 999.000000 0.000000 0.000000 1.000000 -360.000000 360.000000;
22 23 0.001691 0.001228 0.000000 999.000000 999.000000 999.000000 0.000000 0.000000 1.000000 -360.000000 360.000000;
23 24 0.004392 0.003196 0.000000 999.000000 999.000000 999.000000 0.000000 0.000000 1.000000 -360.000000 360.000000;
24 25 0.002559 0.001813 0.000000 999.000000 999.000000 999.000000 0.000000 0.000000 1.000000 -360.000000 360.000000;
25 26 0.004688 0.003408 0.000000 999.000000 999.000000 999.000000 0.000000 0.000000 1.000000 -360.000000 360.000000;
26 27 0.002154 0.001569 0.000000 999.000000 999.000000 999.000000 0.000000 0.000000 1.000000 -360.000000 360.000000;
27 28 0.003756 0.002662 0.000000 999.000000 999.000000 999.000000 0.000000 0.000000 1.000000 -360.000000 360.000000;
28 29 0.004212 0.002977 0.000000 999.000000 999.000000 999.000000 0.000000 0.000000 1.000000 -360.000000 360.000000;
29 30 0.002199 0.001595 0.000000 999.000000 999.000000 999.000000 0.000000 0.000000 1.000000 -360.000000 360.000000;
30 31 0.000823 0.000585 0.000000 999.000000 999.000000 999.000000 0.000000 0.000000 1.000000 -360.000000 360.000000;
31 32 0.002232 0.001576 0.000000 999.000000 999.000000 999.000000 0.000000 0.000000 1.000000 -360.000000 360.000000;
2 33 0.002849 0.002019 0.000000 999.000000 999.000000 999.000000 0.000000 0.000000 1.000000 -360.000000 360.000000;
33 34 0.000129 0.000058 0.000000 999.000000 999.000000 999.000000 0.000000 0.000000 1.000000 -360.000000 360.000000;
5 35 0.014624 0.003563 0.000000 999.000000 999.000000 999.000000 0.000000 0.000000 1.000000 -360.000000 360.000000;
5 36 0.008135 0.010064 0.000000 999.000000 999.000000 999.000000 0.000000 0.000000 1.000000 -360.000000 360.000000;
6 37 0.000354 0.000469 0.000000 999.000000 999.000000 999.000000 0.000000 0.000000 1.000000 -360.000000 360.000000;
37 38 0.013093 0.009260 0.000000 999.000000 999.000000 999.000000 0.000000 0.000000 1.000000 -360.000000 360.000000;
38 39 0.006032 0.004264 0.000000 999.000000 999.000000 999.000000 0.000000 0.000000 1.000000 -360.000000 360.000000;
39 40 0.002232 0.001576 0.000000 999.000000 999.000000 999.000000 0.000000 0.000000 1.000000 -360.000000 360.000000;
40 41 0.005903 0.004180 0.000000 999.000000 999.000000 999.000000 0.000000 0.000000 1.000000 -360.000000 360.000000;
41 42 0.014907 0.010547 0.000000 999.000000 999.000000 999.000000 0.000000 0.000000 1.000000 -360.000000 360.000000;
42 43 0.007762 0.005492 0.000000 999.000000 999.000000 999.000000 0.000000 0.000000 1.000000 -360.000000 360.000000;
43 44 0.002849 0.002019 0.000000 999.000000 999.000000 999.000000 0.000000 0.000000 1.000000 -360.000000 360.000000;
44 45 0.002604 0.001852 0.000000 999.000000 999.000000 999.000000 0.000000 0.000000 1.000000 -360.000000 360.000000;
45 46 0.001029 0.000817 0.000000 999.000000 999.000000 999.000000 0.000000 0.000000 1.000000 -360.000000 360.000000;
46 47 0.004090 0.002894 0.000000 999.000000 999.000000 999.000000 0.000000 0.000000 1.000000 -360.000000 360.000000;
47 48 0.002682 0.001897 0.000000 999.000000 999.000000 999.000000 0.000000 0.000000 1.000000 -360.000000 360.000000;
48 49 0.004707 0.003280 0.000000 999.000000 999.000000 999.000000 0.000000 0.000000 1.000000 -360.000000 360.000000;
49 50 0.005325 0.003576 0.000000 999.000000 999.000000 999.000000 0.000000 0.000000 1.000000 -360.000000 360.000000;
50 51 0.002559 0.001813 0.000000 999.000000 999.000000 999.000000 0.000000 0.000000 1.000000 -360.000000 360.000000;
51 52 0.001447 0.001023 0.000000 999.000000 999.000000 999.000000 0.000000 0.000000 1.000000 -360.000000 360.000000;
38 53 0.005408 0.003826 0.000000 999.000000 999.000000 999.000000 0.000000 0.000000 1.000000 -360.000000 360.000000;
42 54 0.001035 0.000733 0.000000 999.000000 999.000000 999.000000 0.000000 0.000000 1.000000 -360.000000 360.000000;
54 55 0.003389 0.002399 0.000000 999.000000 999.000000 999.000000 0.000000 0.000000 1.000000 -360.000000 360.000000;
55 56 0.005743 0.004064 0.000000 999.000000 999.000000 999.000000 0.000000 0.000000 1.000000 -360.000000 360.000000;
56 57 0.005576 0.003942 0.000000 999.000000 999.000000 999.000000 0.000000 0.000000 1.000000 -360.000000 360.000000;
57 58 0.004334 0.003068 0.000000 999.000000 999.000000 999.000000 0.000000 0.000000 1.000000 -360.000000 360.000000;
58 59 0.003016 0.002135 0.000000 999.000000 999.000000 999.000000 0.000000 0.000000 1.000000 -360.000000 360.000000;
55 60 0.002148 0.001518 0.000000 999.000000 999.000000 999.000000 0.000000 0.000000 1.000000 -360.000000 360.000000;
60 61 0.002103 0.001492 0.000000 999.000000 999.000000 999.000000 0.000000 0.000000 1.000000 -360.000000 360.000000;
61 62 0.002643 0.001871 0.000000 999.000000 999.000000 999.000000 0.000000 0.000000 1.000000 -360.000000 360.000000;
60 63 0.002270 0.001608 0.000000 999.000000 999.000000 999.000000 0.000000 0.000000 1.000000 -360.000000 360.000000;
63 64 0.006733 0.004765 0.000000 999.000000 999.000000 999.000000 0.000000 0.000000 1.000000 -360.000000 360.000000;
64 65 0.004334 0.003068 0.000000 999.000000 999.000000 999.000000 0.000000 0.000000 1.000000 -360.000000 360.000000;
65 66 0.001942 0.001376 0.000000 999.000000 999.000000 999.000000 0.000000 0.000000 1.000000 -360.000000 360.000000;
66 67 0.002932 0.002077 0.000000 999.000000 999.000000 999.000000 0.000000 0.000000 1.000000 -360.000000 360.000000;
67 68 0.001402 0.000990 0.000000 999.000000 999.000000 999.000000 0.000000 0.000000 1.000000 -360.000000 360.000000;
63 69 0.002354 0.001666 0.000000 999.000000 999.000000 999.000000 0.000000 0.000000 1.000000 -360.000000 360.000000;
55 70 0.001486 0.001055 0.000000 999.000000 999.000000 999.000000 0.000000 0.000000 1.000000 -360.000000 360.000000;
70 71 0.000772 0.000186 0.000000 999.000000 999.000000 999.000000 0.000000 0.000000 1.000000 -360.000000 360.000000;
70 72 0.004502 0.003183 0.000000 999.000000 999.000000 999.000000 0.000000 0.000000 1.000000 -360.000000 360.000000;
42 73 0.001486 0.001055 0.000000 999.000000 999.000000 999.000000 0.000000 0.000000 1.000000 -360.000000 360.000000;
73 74 0.000193 0.000412 0.000000 999.000000 999.000000 999.000000 0.000000 0.000000 1.000000 -360.000000 360.000000;
43 75 0.002437 0.001723 0.000000 999.000000 999.000000 999.000000 0.000000 0.000000 1.000000 -360.000000 360.000000;
44 76 0.003550 0.002514 0.000000 999.000000 999.000000 999.000000 0.000000 0.000000 1.000000 -360.000000 360.000000;
46 77 0.003318 0.002804 0.000000 999.000000 999.000000 999.000000 0.000000 0.000000 1.000000 -360.000000 360.000000;
76 78 0.001074 0.000707 0.000000 999.000000 999.000000 999.000000 0.000000 0.000000 1.000000 -360.000000 360.000000;
78 79 0.002669 0.000650 0.000000 999.000000 999.000000 999.000000 0.000000 0.000000 1.000000 -360.000000 360.000000;
79 80 0.006450 0.001569 0.000000 999.000000 999.000000 999.000000 0.000000 0.000000 1.000000 -360.000000 360.000000;
79 81 0.009730 0.002379 0.000000 999.000000 999.000000 999.000000 0.000000 0.000000 1.000000 -360.000000 360.000000;
81 82 0.000212 0.000051 0.000000 999.000000 999.000000 999.000000 0.000000 0.000000 1.000000 -360.000000 360.000000;
47 83 0.000547 0.000399 0.000000 999.000000 999.000000 999.000000 0.000000 0.000000 1.000000 -360.000000 360.000000;
49 84 0.003325 0.002887 0.000000 999.000000 999.000000 999.000000 0.000000 0.000000 1.000000 -360.000000 360.000000;
50 85 0.000945 0.000232 0.000000 999.000000 999.000000 999.000000 0.000000 0.000000 1.000000 -360.000000 360.000000;
85 86 0.000238 0.000103 0.000000 999.000000 999.000000 999.000000 0.000000 0.000000 1.000000 -360.000000 360.000000;
86 87 0.000000 0.000006 0.000000 999.000000 999.000000 999.000000 0.000000 0.000000 1.000000 -360.000000 360.000000;
7 88 0.001119 0.001486 0.000000 999.000000 999.000000 999.000000 0.000000 0.000000 1.000000 -360.000000 360.000000;
88 89 0.003016 0.004019 0.000000 999.000000 999.000000 999.000000 0.000000 0.000000 1.000000 -360.000000 360.000000;
89 90 0.001923 0.002559 0.000000 999.000000 999.000000 999.000000 0.000000 0.000000 1.000000 -360.000000 360.000000;
90 91 0.001363 0.001820 0.000000 999.000000 999.000000 999.000000 0.000000 0.000000 1.000000 -360.000000 360.000000;
91 92 0.002026 0.002701 0.000000 999.000000 999.000000 999.000000 0.000000 0.000000 1.000000 -360.000000 360.000000;
92 93 0.001801 0.002399 0.000000 999.000000 999.000000 999.000000 0.000000 0.000000 1.000000 -360.000000 360.000000;
93 94 0.001325 0.001762 0.000000 999.000000 999.000000 999.000000 0.000000 0.000000 1.000000 -360.000000 360.000000;
94 95 0.001325 0.001762 0.000000 999.000000 999.000000 999.000000 0.000000 0.000000 1.000000 -360.000000 360.000000;
89 96 0.004418 0.003125 0.000000 999.000000 999.000000 999.000000 0.000000 0.000000 1.000000 -360.000000 360.000000;
96 97 0.006238 0.004412 0.000000 999.000000 999.000000 999.000000 0.000000 0.000000 1.000000 -360.000000 360.000000;
97 98 0.005801 0.001260 0.000000 999.000000 999.000000 999.000000 0.000000 0.000000 1.000000 -360.000000 360.000000;
97 99 0.000212 0.000051 0.000000 999.000000 999.000000 999.000000 0.000000 0.000000 1.000000 -360.000000 360.000000;
99 100 0.000212 0.000051 0.000000 999.000000 999.000000 999.000000 0.000000 0.000000 1.000000 -360.000000 360.000000;
91 101 0.001486 0.001055 0.000000 999.000000 999.000000 999.000000 0.000000 0.000000 1.000000 -360.000000 360.000000;
101 102 0.003717 0.002630 0.000000 999.000000 999.000000 999.000000 0.000000 0.000000 1.000000 -360.000000 360.000000;
102 103 0.005717 0.001395 0.000000 999.000000 999.000000 999.000000 0.000000 0.000000 1.000000 -360.000000 360.000000;
103 104 0.004045 0.000984 0.000000 999.000000 999.000000 999.000000 0.000000 0.000000 1.000000 -360.000000 360.000000;
104 105 0.007524 0.001833 0.000000 999.000000 999.000000 999.000000 0.000000 0.000000 1.000000 -360.000000 360.000000;
104 106 0.000733 0.000167 0.000000 999.000000 999.000000 999.000000 0.000000 0.000000 1.000000 -360.000000 360.000000;
92 107 0.005460 0.001331 0.000000 999.000000 999.000000 999.000000 0.000000 0.000000 1.000000 -360.000000 360.000000;
94 108 0.003936 0.001672 0.000000 999.000000 999.000000 999.000000 0.000000 0.000000 1.000000 -360.000000 360.000000;
108 109 0.002907 0.001235 0.000000 999.000000 999.000000 999.000000 0.000000 0.000000 1.000000 -360.000000 360.000000;
94 110 0.000212 0.000051 0.000000 999.000000 999.000000 999.000000 0.000000 0.000000 1.000000 -360.000000 360.000000;
7 111 0.004624 0.003273 0.000000 999.000000 999.000000 999.000000 0.000000 0.000000 1.000000 -360.000000 360.000000;
10 112 0.006881 0.001678 0.000000 999.000000 999.000000 999.000000 0.000000 0.000000 1.000000 -360.000000 360.000000;
11 113 0.002232 0.001576 0.000000 999.000000 999.000000 999.000000 0.000000 0.000000 1.000000 -360.000000 360.000000;
13 114 0.004006 0.002836 0.000000 999.000000 999.000000 999.000000 0.000000 0.000000 1.000000 -360.000000 360.000000;
114 115 0.004296 0.003042 0.000000 999.000000 999.000000 999.000000 0.000000 0.000000 1.000000 -360.000000 360.000000;
115 116 0.000257 0.000064 0.000000 999.000000 999.000000 999.000000 0.000000 0.000000 1.000000 -360.000000 360.000000;
14 117 0.003254 0.002354 0.000000 999.000000 999.000000 999.000000 0.000000 0.000000 1.000000 -360.000000 360.000000;
15 118 0.001035 0.000733 0.000000 999.000000 999.000000 999.000000 0.000000 0.000000 1.000000 -360.000000 360.000000;
118 119 0.002971 0.002103 0.000000 999.000000 999.000000 999.000000 0.000000 0.000000 1.000000 -360.000000 360.000000;
119 120 0.002727 0.001929 0.000000 999.000000 999.000000 999.000000 0.000000 0.000000 1.000000 -360.000000 360.000000;
120 121 0.003260 0.002309 0.000000 999.000000 999.000000 999.000000 0.000000 0.000000 1.000000 -360.000000 360.000000;
121 122 0.004707 0.003331 0.000000 999.000000 999.000000 999.000000 0.000000 0.000000 1.000000 -360.000000 360.000000;
122 123 0.003756 0.002662 0.000000 999.000000 999.000000 999.000000 0.000000 0.000000 1.000000 -360.000000 360.000000;
123 124 0.003923 0.002778 0.000000 999.000000 999.000000 999.000000 0.000000 0.000000 1.000000 -360.000000 360.000000;
124 125 0.005035 0.003563 0.000000 999.000000 999.000000 999.000000 0.000000 0.000000 1.000000 -360.000000 360.000000;
125 126 0.005363 0.003904 0.000000 999.000000 999.000000 999.000000 0.000000 0.000000 1.000000 -360.000000 360.000000;
126 127 0.002232 0.001576 0.000000 999.000000 999.000000 999.000000 0.000000 0.000000 1.000000 -360.000000 360.000000;
127 128 0.003666 0.002701 0.000000 999.000000 999.000000 999.000000 0.000000 0.000000 1.000000 -360.000000 360.000000;
128 129 0.003762 0.002733 0.000000 999.000000 999.000000 999.000000 0.000000 0.000000 1.000000 -360.000000 360.000000;
129 130 0.000662 0.000469 0.000000 999.000000 999.000000 999.000000 0.000000 0.000000 1.000000 -360.000000 360.000000;
119 131 0.002283 0.001627 0.000000 999.000000 999.000000 999.000000 0.000000 0.000000 1.000000 -360.000000 360.000000;
131 132 0.002232 0.001576 0.000000 999.000000 999.000000 999.000000 0.000000 0.000000 1.000000 -360.000000 360.000000;
131 133 0.005916 0.004302 0.000000 999.000000 999.000000 999.000000 0.000000 0.000000 1.000000 -360.000000 360.000000;
121 134 0.005408 0.003936 0.000000 999.000000 999.000000 999.000000 0.000000 0.000000 1.000000 -360.000000 360.000000;
16 135 0.003389 0.002399 0.000000 999.000000 999.000000 999.000000 0.000000 0.000000 1.000000 -360.000000 360.000000;
16 136 0.001942 0.001376 0.000000 999.000000 999.000000 999.000000 0.000000 0.000000 1.000000 -360.000000 360.000000;
18 137 0.003756 0.002662 0.000000 999.000000 999.000000 999.000000 0.000000 0.000000 1.000000 -360.000000 360.000000;
23 138 0.004945 0.003595 0.000000 999.000000 999.000000 999.000000 0.000000 0.000000 1.000000 -360.000000 360.000000;
25 139 0.006109 0.004328 0.000000 999.000000 999.000000 999.000000 0.000000 0.000000 1.000000 -360.000000 360.000000;
30 140 0.003338 0.002424 0.000000 999.000000 999.000000 999.000000 0.000000 0.000000 1.000000 -360.000000 360.000000;
31 141 0.003756 0.002662 0.000000 999.000000 999.000000 999.000000 0.000000 0.000000 1.000000 -360.000000 360.000000;
