1
27
18
39
31
33
3
22
5
10
35
3
14
30
41
42
4
26
0
7
43
11
22
40
41
13
14
30
15
3
28
0
0
34
39
24
25
41
16
24
9
39
5
40
29
22
30
39
37
45
14
44
28
33
42
25
1
30
28
19
21
5
26
29
18
28
43
31
14
16
23
35
20
11
30
11
4
20
16
41
17
30
33
28
7
22
8
26
32
43
0
34
13
1
45
18
13
42
5
30
29
34
45
33
13
20
33
27
5
32
6
9
28
21
45
27
12
20
8
35
35
26
33
31
2
41
3
32
18
10
42
38
15
33
43
25
12
12
34
22
23
32
31
27
6
26
2
0
44
25
20
44
11
27
41
4
3
3
32
11
43
40
41
34
8
44
22
4
36
8
22
39
1
13
1
7
41
25
24
10
7
24
44
15
13
33
41
14
24
40
17
43
37
15
36
17
42
1
32
39
10
8
32
8
29
28
34
10
26
33
16
1
18
40
39
17
30
9
45
38
23
0
40
5
14
26
11
0
1
9
33
33
9
38
18
42
8
45
6
44
4
20
11
3
1
2
26
29
16
36
39
41
0
21
24
38
34
14
18
4
26
13
25
21
41
35
45
7
8
15
45
9
38
42
26
25
19
43
11
29
36
22
33
11
44
2
29
21
15
40
22
6
37
12
19
17
34
43
44
10
19
5
44
0
14
16
15
17
0
10
27
27
5
25
35
40
24
31
20
8
15
29
20
45
45
19
42
45
11
2
40
36
42
12
13
27
31
26
32
1
12
16
2
28
45
10
28
29
36
22
44
20
45
5
24
37
23
8
13
1
22
21
31
30
36
42
9
3
3
9
11
27
9
31
18
36
15
27
33
7
2
37
22
44
31
5
8
40
15
42
13
7
15
0
18
36
32
13
32
37
30
44
19
28
17
30
29
5
20
9
2
19
13
25
20
11
6
10
34
28
9
34
15
30
44
1
29
33
7
2
4
6
18
24
41
18
19
20
22
37
21
19
11
12
24
39
41
19
3
33
8
25
41
21
3
2
17
21
2
21
0
30
22
16
23
41
5
39
8
10
5
7
39
45
16
3
17
21
36
40
35
22
9
9
23
15
25
43
8
18
25
38
12
35
40
31
37
27
3
9
44
36
2
12
28
9
1
10
23
15
31
23
36
13
20
8
37
25
16
9
22
4
19
39
44
34
37
27
21
28
40
40
29
2
23
7
39
14
24
12
29
8
14
40
5
36
38
31
38
5
44
27
12
24
38
5
33
3
30
14
4
31
10
14
21
21
18
15
35
45
35
0
5
31
12
0
43
32
28
12
4
3
24
41
4
42
35
10
40
45
14
6
24
1
17
6
8
27
17
16
24
13
16
43
20
14
38
40
19
27
2
36
3
0
16
40
7
36
16
34
35
1
43
9
8
38
7
29
29
4
44
26
13
34
33
35
32
6
17
35
44
13
22
10
4
39
37
12
25
13
19
27
10
7
12
38
24
6
10
28
23
34
37
32
7
16
37
1
35
7
15
29
37
14
37
12
31
20
23
4
36
34
19
32
25
26
10
28
25
28
23
29
11
33
6
30
42
2
4
38
2
3
14
21
31
3
4
1
6
28
27
26
7
26
16
7
43
19
6
1
19
6
11
14
45
30
21
20
11
39
34
26
11
43
42
17
35
42
42
11
4
17
30
10
19
39
36
27
6
23
43
44
18
18
45
5
11
6
15
9
34
14
13
35
32
42
6
19
32
30
26
23
33
34
25
38
0
1
39
37
17
4
23
9
35
18
2
31
39
34
17
17
40
43
14
31
37
20
37
40
20
45
22
3
26
7
35
45
24
28
21
18
38
25
0
39
43
38
4
1
21
27
2
27
30
3
17
5
20
9
10
13
42
32
36
0
1
23
7
20
30
12
10
6
10
15
8
16
38
23
5
25
41
42
41
17
14
18
16
37
0
36
24
35
6
15
6
21
23
41
38
18
37
23
37
5
31
42
24
29
39
28
38
4
38
22
36
11
16
29
8
19
43
43
26
2
33
16
44
12
29
23
12
22
31
7
12
13
45
38
41
17
32
21
19
0
34
36
24
15
26
32
18
2
43
22
32
40
25
