27
29
26
14
7
4
35
2
1
41
25
17
33
15
28
6
21
29
23
11
16
34
15
22
18
31
20
6
39
8
6
22
9
5
42
38
3
19
5
32
31
20
38
18
22
11
19
26
40
19
19
13
23
0
20
35
17
41
41
22
3
20
12
11
18
22
17
24
20
19
5
19
27
19
18
39
10
35
40
18
29
12
24
21
32
17
32
6
2
28
1
32
42
38
9
20
27
42
7
5
37
9
43
41
11
7
5
2
33
23
29
18
30
7
1
38
4
43
26
31
25
35
26
3
23
7
36
4
9
7
11
0
8
9
22
1
4
43
33
2
4
42
2
43
37
6
6
15
4
26
15
2
14
10
26
22
43
39
28
34
31
42
20
0
41
22
39
17
27
37
20
24
27
17
36
10
0
0
29
39
38
42
36
40
32
32
28
27
28
24
1
25
2
20
0
34
13
34
41
2
5
0
25
11
11
3
22
17
40
6
43
7
9
20
18
32
23
29
18
34
26
37
30
21
25
25
31
19
38
29
28
32
16
16
13
29
17
36
27
10
15
40
1
8
13
12
16
10
16
38
25
13
34
12
20
18
26
29
4
2
39
3
38
32
40
14
38
33
33
30
7
18
25
34
39
37
40
6
35
16
37
10
9
41
29
27
11
7
39
40
19
28
15
40
3
43
41
4
31
32
31
38
26
22
6
16
29
15
14
40
9
38
20
25
5
11
16
10
16
14
23
1
17
37
35
5
30
29
28
41
13
12
2
16
37
27
17
42
37
16
28
21
34
26
1
12
29
15
24
39
9
20
7
40
12
42
35
25
35
13
15
15
43
7
16
42
42
6
24
25
27
14
42
35
7
14
34
24
1
35
16
30
36
37
41
21
32
31
11
23
30
22
36
43
10
20
41
33
40
0
15
30
31
21
5
26
17
43
1
22
31
31
4
40
42
27
11
21
16
13
12
33
34
10
10
28
20
27
2
19
9
16
14
9
42
8
10
38
34
11
18
37
2
5
26
37
33
37
32
34
9
23
26
18
26
43
3
31
31
2
9
5
16
17
22
23
41
27
18
31
28
35
36
27
36
38
32
3
5
17
39
36
43
38
34
5
41
10
7
4
31
39
30
26
31
33
41
6
13
30
42
7
36
31
20
11
2
18
15
13
30
12
35
3
0
25
16
30
15
19
11
39
0
21
17
43
39
25
29
6
37
9
33
13
27
25
42
39
6
27
21
19
15
8
8
26
24
6
42
3
8
18
21
18
17
25
0
23
18
7
14
28
2
31
2
8
13
36
36
1
28
11
33
4
43
5
35
36
29
21
36
36
6
16
14
40
16
25
41
5
42
39
27
18
0
12
35
23
14
32
6
0
37
40
33
3
30
24
19
22
22
28
30
32
20
24
7
29
23
24
19
28
28
27
29
12
14
24
21
8
41
12
11
10
11
26
7
1
10
37
11
22
28
11
13
1
12
29
1
9
8
37
35
26
43
28
11
36
28
41
5
21
7
5
1
14
16
4
25
34
1
34
17
23
4
16
27
2
34
1
3
21
9
41
43
15
15
19
5
35
38
3
29
13
36
18
14
1
5
26
10
9
3
12
34
17
4
17
1
38
36
12
30
30
30
32
24
23
34
0
13
22
0
19
14
0
42
6
29
33
5
43
41
10
43
20
35
0
13
12
8
0
8
21
25
40
5
31
39
8
38
19
40
23
24
2
38
4
9
0
21
40
30
39
13
42
30
15
12
15
37
14
12
21
30
35
6
40
10
21
15
43
14
25
4
3
1
31
9
19
31
6
22
39
21
32
6
32
13
36
24
3
4
19
10
40
23
8
14
3
43
12
24
42
24
14
37
40
27
18
13
36
24
20
41
4
14
23
30
6
20
25
33
19
7
22
24
23
4
23
32
34
3
7
35
23
33
33
8
14
4
8
33
41
13
8
22
10
30
26
43
10
26
4
28
2
3
29
8
2
3
39
23
33
37
9
34
15
37
38
12
17
8
33
24
35
21
17
32
8
27
0
34
33
38
3
39
