2.147900305326824
2.1229659053786905
2.148813686693273
2.136649295725577
2.14322623317085
2.1313761437323406
2.1471954896308043
2.149616108160528
2.1488328432769865
2.148956276855458
2.144813757779721
2.1489642068914554
2.140136586948947
2.148341311723703
2.1354861110535954
2.148640994420513
2.1494277211506976
2.1496713328505006
2.148524239554621
2.1464546490515555
2.117028384648057
2.100896002486319
2.1486720265495083
2.148521719487771
2.1489117026689017
2.147175565127538
2.1146325495173244
2.1469751559981805
2.1494595695630108
2.145848143651792
2.1493450804955447
2.1356896184714023
2.1466192348013116
2.149206438033828
2.147738278424678
2.1486197511911675
2.1487924073717144
2.149461050446395
2.1496611506767085
2.1497054413430146
2.14858231785619
2.149268330495234
2.150010962325423
2.1498329873065773
2.1478191361708285
2.1498405143039947
2.149216289172111
2.150278916546587
2.150310383472269
2.1502539891762438
2.1502652884649183
2.1503184616392184
2.1502979553178236
2.1502961994295675
2.1503023444602416
2.1502211866208922
2.1502674184141304
2.150285417173418
2.150225770861267
2.1501693419879206
2.1502163782750605
2.150271306416644
2.1502614552156802
2.150301279330682
2.1503315451080964
2.150230468386264
2.150304195403284
2.150268150736853
2.150208551167813
2.150302557744964
2.150366122683952
2.150239035496762
2.150274706841716
2.1502530513346656
2.1502917415750304
2.150284873920319
2.150283674347286
2.150293867897769
2.1502841807696633
2.150277955095832
2.1502384313003438
2.1503192146802874
2.1502839324384833
2.1503533860836543
2.1502379420400994
2.150353413528264
2.1502917356130573
2.1502926053062725
2.150324482515907
2.15029826443398
2.150288718736684
2.1502753448748284
2.150358148718925
2.1502400506333776
2.14942768762877
2.1500026039567066
2.1482552114449134
2.149800902597835
2.149690762066301
2.1493453279692907
2.1494910440159276
2.14983136610351
2.1484062267298145
2.149535707700549
2.149404396114127
2.1491820661502548
2.1493727631608794
2.149795802423056
2.1488684484153553
2.1500118387290446
2.150000529966662
2.150047279857458
2.1497612526353365
2.1496739503887636
2.148968412938302
2.1483002224309313
2.14825572264192
2.149545322836581
2.14971834932907
2.148365483664407
2.1490473322401153
2.149126700451357
2.1492488272289387
2.1427802593241547
2.1494250425398334
2.149454141352904
2.149159934094269
2.149084535924701
2.1488605336300903
2.14804484004811
2.1496737542863515
2.1498723013435956
2.1480443311984816
2.1492760587269104
2.1498849370902673
2.149275440259862
2.149839566082193
2.1491903558315295
2.149672510788694
2.1490459004480233
2.149558276651098
1.741257901065861
1.5961696220682902
1.7222508516280575
1.601966736635393
1.6941469721455111
1.7376954232609154
1.539919760704789
1.6198965399769096
1.7654315058045502
1.7394269263186246
1.7381108717491753
1.6888755355306981
1.5834124055905685
1.653362666657523
1.7968103507051623
1.718079442511554
1.7341151874170335
1.7399292365108114
1.788843218805843
1.6694201871777588
1.6963911767984792
1.6824752890476962
1.7862535940175441
1.730347580838329
1.695064721005999
1.689793884298556
1.71276210558615
1.693052679532611
1.6736320214145064
1.709681594729973
1.7715451727061358
1.6835947845469392
1.788788107369325
1.7465638367680043
1.69776663289233
1.7988632992677016
1.7227979246964849
1.6750687120911838
1.7218455809071185
1.657735950466283
1.713839674419477
1.649461362950151
1.7412806450623546
1.6130359358966257
1.7816386009783969
1.7418864115459955
1.6811047974692828
