2.0745833398625364
2.0643013142623037
2.074569609010113
2.0680324519954323
2.0710932375199427
2.067411654616082
2.071713864243145
2.0755550006806716
2.0740018428676263
2.0731560317983324
2.07011580898293
2.0737688258318605
2.0688253797889327
2.0728394560710544
2.0684819709992603
2.0726883936675393
2.0749018236788745
2.0755432890904264
2.0723734107898664
2.072163328538575
2.0577998332813903
2.0531865575175328
2.0726878686700876
2.0726976031379873
2.0731998467885684
2.071273254499076
2.052142356995907
2.06767281113429
2.0740501086643413
2.0703209224497465
2.0734869245542673
2.066224660860866
2.069179598634041
2.0739480588411663
2.0710817679499347
2.073717684820594
2.072409252998691
2.0743343690039366
2.075420241169387
2.0752407236418176
2.0726414834047437
2.0738209786744286
2.0768394969598964
2.0758688030608754
2.069847319439957
2.07556748265434
2.0724859650337026
2.07857401992769
2.078716686398958
2.078386728769739
2.078475989893956
2.0788547716981416
2.078679023543519
2.0786402114647577
2.0786756737189185
2.078191252591143
2.078503475894249
2.078619694113172
2.078171382575192
2.077782293587548
2.0781585806236778
2.0784874622340843
2.0783531962565154
2.0787521766791057
2.0789095257439887
2.078199863843293
2.078680723961376
2.078425782880337
2.0780685475689964
2.078678490219535
2.0791038041406993
2.0782427005921322
2.0784119941691883
2.078312414562263
2.0785751797283325
2.078489843076549
2.078499332175213
2.0786164676821217
2.07855971366138
2.0784651319051415
2.078207770357655
2.078731164941069
2.0784517095564072
2.0789061578535994
2.078253131450163
2.0790106754403617
2.078526869368108
2.0785442582348974
2.0787151911350903
2.0785368351544222
2.0784176232214078
2.078456848111238
2.0790570308058274
2.0780596165027023
2.0764495945698767
2.0772947588705595
2.0749365092139356
2.076895566680959
2.076579295952968
2.076268554191791
2.076256197035865
2.077008884040739
2.074789606980166
2.076449025146735
2.07628869306364
2.0759149970055257
2.076207261844668
2.076889946741967
2.0755558088977137
2.077471726377241
2.077338094155329
2.0776655245525735
2.076781760633295
2.076792468171883
2.075637585406422
2.074917266873274
2.074884340203561
2.076693136805611
2.0770355538016703
2.075048044419273
2.0757919828956934
2.075802398991386
2.076094494008043
2.072627494029547
2.0764793806850417
2.0764922072878402
2.0759550269749862
2.0759007112468035
2.0755447603328623
2.074976711018739
2.0770112518433197
2.077391595789189
2.074523670419414
2.0762413253192022
2.0775066662389876
2.0762158890284135
2.077182263128184
2.0761012145934936
2.076977136928972
2.075776843175858
2.076738569031959
1.7373598325814248
1.5926405560771144
1.7184604643309824
1.5557693930347392
1.6903998875258603
1.7341926162521268
1.5372643061965734
1.6163290154524883
1.7610355507993993
1.7358565549830849
1.7343582550687766
1.6853223946777875
1.5798187689160383
1.650007631974237
1.7931423682694931
1.7144737943042831
1.7307165223128211
1.7364318688089382
1.7850265041529567
1.6656253530310023
1.6929605701183414
1.679210723239666
1.7824560323392336
1.7267950857398655
1.6917269652483742
1.686390614128226
1.7091700600566715
1.6892200240179942
1.6701683974417463
1.7058765691491131
1.7678743967777684
1.6802972440646295
1.7846096628033081
1.7431364587959373
1.6941754020873316
1.7952138948816345
1.7194672373919362
1.6717476109832536
1.7184675648450067
1.6545043398049615
1.7105937158182503
1.6460796478593787
1.7378033545537033
1.6098355872874661
1.777932538236587
1.7384722660102203
1.6776495227615675
