1.5818882715520226
2.2627210626944825
2.262214313431159
1.4978395391087806
2.169258465909109
2.1725967649110207
1.5885578722437634
2.2526533648778253
2.259610604436129
1.497086586562859
2.195123463651347
2.198336910927424
1.523192442220495
2.220744972007561
2.2152210742464047
1.5105470321724006
2.1816985321215245
2.1853271205040423
1.5325064746910038
2.216184909179892
2.2174829815509707
1.6194830855094917
2.2811751805896057
2.289710393419041
1.5784976507329165
2.247734394541544
2.2469739929473165
1.5535461075472454
2.224920961743546
2.2345154742729023
1.5281282364106723
2.19982559899073
2.2022443209610625
1.5634881464871395
2.2454354074114997
2.245002914908084
1.5170339599942169
2.1776043192334553
2.193447961904463
1.5481738262604343
2.2261738013562673
2.2302998040000017
1.510274743916298
2.1920069256405252
2.1917567458444625
1.5495974691133185
2.225608959712491
2.227431340964264
1.5874213119222855
2.2702137518368506
2.271752596259298
1.604873045748298
2.3001586852894333
2.295604272525239
1.5442911869321034
2.2135871431810066
2.2234176662236687
1.5404579208013436
2.2242377620625304
2.22111522477225
1.4769334207338227
2.149276868159976
2.1558607284449174
1.46970601856508
2.1456790676043807
2.1465490620546577
1.5370421985175102
2.2426266849796335
2.236746768907223
1.5452471466733284
2.2344576180309876
2.2287009480330187
1.5538656397559516
2.2390086887053324
2.235245568013953
1.5292182372219614
2.2133698437071643
2.2123584314414506
1.4676726031156255
2.1475109750856625
2.1450316801120697
1.5036387474378536
2.195011624681254
2.18772362104687
1.5779225798494039
2.2384947509080253
2.249894280241653
1.5225988588913315
2.2026398237549607
2.2041256871838657
1.5550043485364509
2.2416079414787493
2.241793229369818
1.5102822410005063
2.177099210784026
2.181595628457818
1.5126148183473307
2.1930659427442896
2.1966811158506383
1.5714569888715217
2.2423636176679618
2.2471607292195306
1.5285174897992546
2.21116030214325
2.2107297978158673
1.5677858895100636
2.2314248792923483
2.243018693641935
1.542836791087632
2.2150790109630702
2.224164111885237
1.5709560229052153
2.2645620993076943
2.259711245138551
1.6017592790436856
2.2919949844016463
2.289015845715752
1.5977619837191879
2.2748150530203217
2.2808923619805026
1.5434845815770253
2.233603964524351
2.229362256330621
1.562194108700855
2.25004003633948
2.2467674391545738
1.6747299406141165
2.3553458784283965
2.357974991250911
1.619238451051602
2.3076618749108557
2.3063096115804833
1.517554106069016
2.2044137517449243
2.200409245005141
1.6092895485022358
2.2866555260427055
2.2922560064345885
1.5401100268197716
2.229877284647699
2.2275614301334072
1.91587709902768
2.6327143292257675
2.627302241912239
1.9491813227741102
2.665481124212193
2.6566775292536775
1.8756580338746525
2.573624855741518
2.572516786304871
1.8951552374402725
2.5919847908688194
2.5895181842175163
1.9801492741057776
2.6890645057050113
2.6862645732032515
1.941540999723268
2.6453654602319485
2.640914617377637
1.9324462904420148
2.6284118870247464
2.629320515667768
1.9396813059016027
2.6478651683020744
2.646521407444542
1.8385976564973519
2.5234064610538423
2.5265200666875924
1.9037263194069782
2.5853918074894504
2.588783790553457
1.929015829683294
2.615652859562706
2.6202203412153797
1.831457444021766
2.5413027315603856
2.534693451697456
1.7704434745102835
2.4647549563706153
2.4616451056995547
1.8315259158756985
2.5182023993042755
2.5224225010491894
1.8980905251990818
2.586181968710432
2.593104905543486
1.870311619673393
2.561397992261552
2.5592449656446137
1.9606398694147695
2.64185187572139
2.6455135532410763
1.991573757031444
2.704760223621053
2.698464321776708
1.8401183686971982
2.526158988033403
2.5304156885611704
1.9414264848748313
2.647828506833147
2.649241833678485
1.8853465390822546
2.5765907430057
2.5783285418914725
1.8129864561936793
2.5152688263303054
2.5154315033785255
1.9392413357201461
2.656945010355874
2.650135253450672
2.0334384024936982
2.742279135463111
2.7400387653512737
1.8457100220083618
2.5532222947253262
2.549555722797651
1.8808153645398389
2.5842381599081494
2.583448378492422
1.8607998794259306
2.556368016010425
2.556532155792789
1.9173326783821536
2.619918020484998
2.6176554832084857
1.8971869070742182
2.6109709363781914
2.603485604956736
1.9008473753368778
2.599695245562412
2.5964205105028415
1.9279227892785455
2.623575139728437
2.618699733765165
1.91390597631783
2.614267689157324
2.6094283530053763
1.8927224107713712
2.589495047599117
2.5895562897796283
1.8416949380058625
2.52056405236619
2.530453280837011
1.9529384868496091
2.6525355996643945
2.6500338035576267
1.8886732041894525
2.5954329918103975
2.5938679693054345
1.9907044768071414
2.7029176729475535
2.6955054320132525
1.8484704571433412
2.547495006039129
2.547326517839904
2.0121855453236424
2.71560652264048
2.715876365711452
1.9060177755328978
2.608357840708656
2.6064294909777814
1.9097695959849443
2.6211994567171573
2.6117241494494206
1.9489960882404216
2.659513807573483
2.651315967307028
1.9084044489553016
2.613885161731476
2.6094178651192323
1.8816764393844418
2.5904055594296764
2.5834388828355093
1.8914670874198736
2.5931492548397292
2.587510017993766
2.020598862352362
2.727453033330004
2.728839374613146
1.812063696600813
2.5176326307802053
2.513946099986121
1.6580542371862306
2.3300516098446753
2.33403790976616
1.7117112156171816
2.4092448971682265
2.402888579758464
1.6101648735690364
2.2607823740941413
2.2801007290018926
1.6919309251649735
2.347202739935405
2.364529231489063
1.6559181382262225
2.342551274964391
2.3452621331394456
1.6379362017557901
2.32669496479282
2.3271979855623406
1.6450040111093258
2.310776166255807
2.3231763368815788
1.6940266627187297
2.363309572086825
2.37121353691994
1.6096390960474591
2.2608124333161785
2.2777817458884906
1.6552980396585177
2.324192812238685
2.333699789295363
1.6548052412639336
2.3135502207519516
2.3270271633162993
1.6224672604541235
2.29083911651139
2.308859869789543
1.6455589702796543
2.3110817287937477
2.3213826512553952
1.677080748436772
2.3680884400365168
2.366526458507721
1.6161089113801292
2.279299893098102
2.293370284051703
1.7399425349391686
2.4041683740502786
2.4134240019447515
1.7170966308345108
2.4059599966910614
2.4061857913355618
1.7641962111231297
2.4252743059265787
2.437380003262474
1.6785532108268015
2.3435157440973695
2.3549014556475574
1.6736850845594609
2.3488674210687814
2.356815272543452
1.618682738910115
2.288740495018656
2.296177733409315
1.6054713709685873
2.2618378701177306
2.2770360141404633
1.603506623088386
2.2637744707907865
2.2757869328273364
1.6695299864067603
2.3479532789314916
2.3491310755266857
1.690073044187823
2.379019605793584
2.377343028643989
1.610317199131525
2.265805775770356
2.2812941822586383
1.6210062826278095
2.2934966174014253
2.302627007563383
1.612634910519186
2.3136641266265117
2.3087941977794606
1.6362478164843248
2.308745696110957
2.315467434726011
1.5413623465329571
2.2284965610012404
2.2302183658774233
1.6646185839141088
2.3196067504218014
2.3371737303951594
1.6570864887764796
2.3313067188534657
2.3367162346334394
1.6271409094717257
2.2977933397969017
2.309468428918315
1.6413827461671668
2.293645836009994
2.3110957064627584
1.6162259459818866
2.2808505997083914
2.2928426685550396
1.679927408059194
2.2966898697215186
2.3161980814476797
1.6997005314987217
2.355283543751376
2.371987262647584
1.7278122396039806
2.399936273359237
2.406777406381542
1.590375313238896
2.255123391325304
2.2645563376152054
1.658574266594702
2.3133622240425606
2.327283709113036
1.7403405076054255
2.4121447897957426
2.4193369742374355
1.6510149958595892
2.3217114898351037
2.323738304758635
1.7121210695789675
2.3662960412311422
2.3867520021172246
1.652012995911772
2.3111864660318693
2.321703072593792
1.6914840829234423
2.3584495319220853
2.3689573166449716
1.6223403760049766
2.2892595018940183
2.301599130027937
1.6772581011254502
2.347811655310529
2.351431424560494
1.1581656942897878
1.8116138301324418
1.8178090436834404
1.0115458038830742
1.6566776805466983
1.6712234988105636
1.1315267566522687
1.7797520599132055
1.7942654818620178
1.099483413935275
1.7038897279900158
1.713726817732977
1.131372269825536
1.7663358245805068
1.7821406804539317
1.149612052134643
1.7919941027235964
1.809234735225302
1.1883755676122885
1.778843095932898
1.7996885824974374
1.032017823957732
1.6819909380922764
1.6941082685516582
1.1911887697163275
1.8418380103293495
1.848450257758381
1.1386924310784865
1.8056217684576026
1.8076989238392498
1.1632895765967801
1.804548738282889
1.8199821269843788
1.1155452682734202
1.758136123555454
1.7723993384480055
.9999998733430797
1.6460527560851868
1.659654375152425
1.070679854983437
1.7070716426901926
1.7305376948765592
1.2022571042897365
1.86510438809151
1.8667951035301822
1.141455458510231
1.7880717003643865
1.799396639258709
1.1405169186970694
1.8007540884250726
1.8047168374389897
1.1411588142741436
1.795867566615171
1.8087029087585416
1.2119152666231643
1.857934332793077
1.8708067314741714
1.0772196626631134
1.73163151988795
1.7396283580223286
1.1124241869858644
1.749606531602166
1.771381632108773
1.0946780665568387
1.7391822025899464
1.7555978012572149
1.1844032433511134
1.8555838261350401
1.8545024051603196
1.1433130805092249
1.788497346791507
1.804146509673543
1.109609133789267
1.7454292849851323
1.770547375994313
1.107963777173503
1.7506514323947988
1.766277118256028
1.1231006421519725
1.7778973322809979
1.7856127358999005
1.1038868069349506
1.7529947741278202
1.765719041282908
1.1352871381699396
1.7494076722340812
1.7730581089415853
1.1276438432107714
1.7693833511240231
1.7859559827595781
1.1749065643979995
1.8331401448053268
1.8406643643993925
1.0974616258423318
1.7436439593904518
1.7580398311952603
1.2088756922122934
1.8465886310107396
1.8669867332938388
1.1577328694196665
1.8108870401314905
1.8193088544384277
1.1459427139247564
1.7674484940687354
1.7915328464965992
1.2049491411111508
1.864167244962216
1.8694285326711673
1.1285526986996273
1.77916942240858
1.7930154178711222
1.0898248653177725
1.7328888985958097
1.7482063040772193
1.142662603498338
1.7822032387671871
1.8015694075918984
1.0651723934658441
1.721278344592214
1.7294470880241384
1.1260088371733028
1.7790426373614592
1.787567402345868
1.0652526846880812
1.702342155005971
1.7243242763408007
1.1630757946575705
1.8121071004676654
1.8218930775511841
1.0281730155123112
1.6728399324723695
1.687182743368378
1.1969571421537746
1.847006460968191
1.8584814291141727
1.1510461676468982
1.8039259496978075
1.8135012196804905
1.090847317049654
1.7439308296144427
1.7532185624986336
