1.765550077142997
1.731144516577567
1.7692212869278903
1.732377088209641
1.7422038516449116
1.7372839069463468
1.7446666308422656
1.7839587052397852
1.7630840419230642
1.7520422554316477
1.7434341614519793
1.7581781771069032
1.7397465370972742
1.7508106294593038
1.7372900889083283
1.750811363094408
1.7680063411784115
1.7741524145253733
1.749580649461125
1.7471251167451016
1.7249974422245007
1.7200871565807176
1.7458996548399
1.7495829678537163
1.754491597128519
1.7434368620953002
1.7176317068513043
1.7323801833641945
1.759418809065686
1.7409765202977419
1.7520447084773325
1.7360607599901647
1.7360675606350935
1.7594118068978144
1.742210863877571
1.760629360970317
1.7458975197395155
1.7569606770768098
1.7741494654900591
1.7680212268549949
1.7483515656394932
1.755731092694581
1.7987419056049763
1.7766240611903792
1.7372966431331738
1.7729379003617187
1.7458988711720067
1.9640244744010285
1.9969441886854753
1.9248864592098498
1.943535643482753
2.0267550891507615
1.9885940162713522
1.9792645125208896
1.9872765106550807
1.8878805553626103
1.9495243024654842
1.9753315403374896
1.8839312550586023
1.8479084360770879
1.881567097392335
1.9461092635630315
1.9188771663391315
2.007013043123308
2.0378984212993423
1.8896948835646026
1.9890102244097252
1.9334472325824286
1.872489553430055
1.988191466771116
2.0803399226606203
1.8968426043409934
1.930766060148965
1.9104026299257157
1.965285170067756
1.9469487163892478
1.949284518588438
1.9742935121333693
1.9619951374609932
1.9419342941226025
1.8916583826934152
2.000511073815382
1.9391733152921748
2.038034113653489
1.898849091295496
2.059731350735535
1.9552844258006805
1.9588992697382224
1.9974202053226233
1.957582129175112
1.9326700625094884
1.93990695365481
2.0675364911312393
1.8700218963396944
1.7999455842187375
1.8136572318747306
1.781508020321272
1.8061202827686387
1.8011695651296116
1.7962429405044504
1.796251199313482
1.8061213255800226
1.7778356119888177
1.7999399043211148
1.797491261495591
1.7925423469798487
1.7986979716451228
1.804878005232314
1.7827455594737738
1.8271570401711097
1.815523082604007
1.839076434216064
1.8061005322987587
1.8048700108934985
1.7864185219418909
1.7753848561881544
1.775382517998415
1.806085694742309
1.8061208919934888
1.7790628916546225
1.7888708465314862
1.7839662357394903
1.7986794038790324
1.7520365707948797
1.8024032029952266
1.7987219969432275
1.7949933393724413
1.7974627236125245
1.7839674982302647
1.796259034732681
1.807349774063011
1.819803353283929
1.770466669398404
1.7999418270075471
1.8284036010216451
1.7962626737020726
1.8122561232973085
1.7987079452113164
1.806120089811835
1.7888715713027372
1.8024236034410552
1.6020955649538737
1.55782215990233
1.5910430119989276
1.522351311950106
1.6696413096262295
1.5971841826840503
1.5371892360515866
1.5627496733811634
1.6380358012778637
1.5935045999579658
1.625475952245921
1.6383054271085777
1.5716153284962857
1.5814162400632101
1.6192999681370932
1.6176784616436855
1.5947291795095935
1.595951355484857
1.626591427562033
1.5774699284480012
1.5824457500632005
1.5775173765924315
1.6107105689550152
1.5959534364289478
1.5820276431543934
1.5812124726216945
1.5885810484915845
1.579988367786917
1.6986901619145107
1.5898079038068889
1.6082429516561818
1.5775268479796145
1.6205305301323507
1.6008726461224356
1.6985336817418513
1.6193042608047308
1.5910360964861958
1.5774999015275062
1.6038155138611385
1.572577102795297
1.5885867474654567
1.5713496874880593
1.6126570269088185
1.5602979074839969
1.6156236397667971
1.59841638144769
1.5775113820263722
