2.0712247607944207
1.9838915230941148
2.0679086271230926
1.9910027260048926
2.014495428187899
1.9965111283994668
2.022502107487802
2.0170131079998597
2.051523977385747
2.043027932386655
2.0053421290552347
2.0532460824173273
2.0038592463618925
2.0380448440845362
2.000660270149582
2.037702156553543
2.0771795681060934
2.0945319740498656
2.0333777414662535
2.0297887076103325
1.9666469017753094
1.9573656834384994
2.031032896873193
2.035594317178788
2.043348900946813
2.0183180396038756
1.9552724007439448
1.993953287158848
2.0085485294969687
2.0103701524102813
2.044782758279129
1.9341430615594435
2.00315481328271
2.0587560939120757
2.0169575713491525
2.0531559714984327
2.031782499945412
2.0603113148702663
2.092720430423215
2.086704892555581
2.030889595575154
2.0541722701911302
2.1632602230585323
2.1095542249444454
2.00646281837132
2.0980104961831154
2.029824227961429
2.4244721998444216
2.4562588660532514
2.3800513270320516
2.3998861273776817
2.4869554792162587
2.44772005490901
2.438296800453401
2.4470072001235073
2.341512607728898
2.4045443575421355
2.434141317330155
2.337772985353627
2.2738979704877607
2.33513058540165
2.401870521016142
2.373631023269946
2.4529076822908653
2.4981504520170565
2.3432793062405053
2.4494873899381693
2.3899247549063185
2.319219414306005
2.4467037024437115
2.5404751555028713
2.3530083030627233
2.387764832040454
2.3658049797538014
2.423226273617797
2.4045100856776576
2.4048850700274587
2.4320218202926873
2.4188681859670482
2.3977268594503953
2.3448643075051288
2.458052207487978
2.3958055552909663
2.4981983313175147
2.3536756431643457
2.5171107750464348
2.4125585584057814
2.415166612684424
2.45770687895014
2.4154584534997445
2.387893646264066
2.3983948403518007
2.530684199909635
2.3178295485864786
2.0622244402586625
2.2104239984274945
1.8417089879041573
1.9958668870509009
2.1536478060373443
2.1357827607639304
2.12020692430495
2.1360585585896557
1.804137739744576
2.1409716961838736
1.980889641716079
2.1190862972984394
2.049912260921461
2.175337224064964
2.0501079775951334
2.127847637144718
2.214957335496119
2.0646139251518423
2.0934998820059114
2.1694169788493056
2.0776946820288504
1.8977322132204906
1.8965222400601
2.1547894485886783
2.1884773017410755
1.8857495377720288
2.117032082929023
2.1106304067411688
2.128730834244747
2.0395306245322478
1.9929218218839466
2.141919274355201
2.12198448812883
1.8887835082954054
2.053654237848712
1.7477552007337056
2.031411668635217
2.200250337662225
1.9587810084369923
1.8719971993413775
2.2283995975068196
1.9652912071015434
2.070872298153849
1.860765427108391
2.1583511941105593
2.1086840777267972
2.075513760666888
1.4263782041735806
1.3083627804893574
1.4758478213972712
1.106436283174479
1.2457719671571599
1.4990989209659906
1.2194515876188052
1.3409126899070969
1.3727859577377834
1.6202663325345172
1.3731752886669826
1.2941257912159583
1.2713140233571862
1.3385913739991349
1.605663480450656
1.3502730062903754
1.5293125921008162
1.6157931958594514
1.4087709280584324
1.464123469727596
1.4066330381707695
1.424266430558407
1.6667641168049567
1.4613891836365358
1.4118610021058517
1.3726595958527052
1.4737445457461713
1.4398828747376131
1.2153299975602048
1.3945429988547269
1.617755515025185
1.398787612102253
1.4692473931539827
1.5011199268996867
1.2393748813394232
1.592776191615289
1.5294281727712804
1.4054845129146996
1.3727564407394373
1.4249512040290402
1.4470075503813458
1.3595386343779492
1.389479422975763
1.3402602081026502
1.466720085710332
1.5141380258851593
1.4431267523333204
