1.833328520677444
1.822559967782694
1.8348273391151912
1.818064295758129
1.8223458783893558
1.8243888431708721
1.825083812431136
1.8403930021698431
1.8331574444114989
1.8290012653073473
1.8276845186543644
1.8304083947500187
1.8258267376817576
1.8278079311014885
1.823547879351081
1.8290491695868165
1.8334014269768848
1.8349459013027
1.8282556143967486
1.8270485066804398
1.8203938394168477
1.8194426394130838
1.824198715587134
1.827434777913187
1.8291219269574606
1.8249562944050435
1.8195805221639108
1.8216676493334987
1.834849724188696
1.8239419467222249
1.828118063747339
1.8267060184398334
1.8228073960247533
1.832366963836209
1.8246873661408944
1.8322795228965443
1.8273283890877434
1.8299591389084189
1.835271595306283
1.8347211176747662
1.8254829760104665
1.830247938269056
1.846483388134518
1.8380497961968345
1.82316939005078
1.8367536434331075
1.8256617960687629
1.8716483805582096
1.872624227038342
1.8695351246462262
1.8706537740308202
1.8729453432212728
1.8724315467869617
1.8721859129341514
1.8724110431841416
1.8668803642300775
1.8710272853639076
1.8720585531076042
1.866324829198108
1.860402330883917
1.866293743035647
1.8707568580159923
1.869186938536216
1.8727740249272762
1.872913793200366
1.8669481213979975
1.872443453105099
1.8700782875440858
1.8647173444487142
1.8724163191509247
1.8724635427683956
1.8675321139496706
1.8698939418053908
1.8685742224169197
1.8716646215609907
1.8707839078778679
1.8708895759962159
1.8720172188021247
1.8715211867226225
1.8705253418551764
1.8671169889813073
1.8726830213285792
1.8703457213483943
1.872917651177595
1.8676551747353203
1.8727070671456971
1.871205616378318
1.8713543617689754
1.8726199263055567
1.8713103492222114
1.8699377005473143
1.8704991782847102
1.8725846403975455
1.8645837333190298
1.8464169589175687
1.8525601318819223
1.8428322883725352
1.8516200900406625
1.8446753932684843
1.8420780795007388
1.8441024871345886
1.8509043945128791
1.8433922327815906
1.8454267709075283
1.8468510425879174
1.8399447911120448
1.8447897335674177
1.8478030754933694
1.8405667526579643
1.856677620363261
1.8533158494744892
1.859878961797797
1.8490567673596332
1.8475711800497698
1.8407115057971188
1.8413522111621803
1.8409667122292737
1.847481380205651
1.849783404012315
1.8421509358255022
1.8404789249277431
1.837519049683706
1.8426810875155224
1.8278425993957734
1.8480470599772982
1.8458024811968858
1.8408031256475441
1.8459631141439288
1.8404833711174886
1.855877131696709
1.8521338409957944
1.8550927131759318
1.838281981777652
1.84827369276415
1.8564386034167204
1.8466047289648588
1.8537124439383066
1.8478387484777978
1.8504178473304878
1.8408756129457886
1.8487615166216285
1.8271468014424672
1.8258150161925177
1.8230390997689487
1.8609881981784155
1.8347154604970675
1.8224395294974796
1.8730313318795593
1.8250728701289571
1.8319331559758454
1.8168350603084695
1.830834076240782
1.8319157901983512
1.8269233104923754
1.827377954492651
1.820256766081773
1.8301878767556612
1.8208007047646564
1.8177950462956225
1.8308397078228895
1.8211616579556704
1.8255734070319178
1.8237475895333273
1.8167549245736103
1.8245727677714871
1.8258370962033
1.8268591484573218
1.823751112083549
1.8237748013817463
1.8407896663064882
1.827017656161487
1.8189926954723925
1.8251228443585288
1.828517688822598
1.8234915752585734
1.83781922009298
1.8208608986054509
1.8202794961785367
1.8239889068562345
1.82907473020268
1.8222244600284163
1.8242407474105982
1.8256202047208128
1.8296878483064027
1.8248314771175522
1.8269072509327786
1.8221658506806155
1.822910345232093
