1.8219553354816007
1.7983127690657426
1.8114205765133349
1.7888997825722355
1.798908633660781
1.8013848113313953
1.7926070901024609
1.8018390477032948
1.8023346535082332
1.7847089456320522
1.7979851688685327
1.7927740302178556
1.7986117399420118
1.793261542986337
1.7996929490577576
1.788664782463262
1.7925699578559984
1.7872981374480916
1.7872250390586237
1.8025824580658503
1.7881033827030715
1.7946791028352234
1.780370930007265
1.7885586482592426
1.7866609646838396
1.7897656552629866
1.78015530500678
1.768061957459773
1.7817631417608617
1.7898100034571993
1.770505851581489
1.7967100918508352
1.7789307533283052
1.7894480957852834
1.783461254015049
1.802999316295085
1.780092519646295
1.7767110271858895
1.7868216263167638
1.7774553091431544
1.783518351827191
1.78205646731712
1.781356207944672
1.7788247652170495
1.7728966792852192
1.768195893142106
1.7630184688317632
1.7902123360948197
1.7884435390902524
1.779164803287076
1.7832609306297629
1.8028496412250705
1.7917843543568748
1.7869710347954153
1.7874381587970984
1.7794379984387663
1.786071170753748
1.7910091551953204
1.772745022192958
1.7734089040413605
1.7788799282651764
1.7805652234237161
1.7694514316907863
1.7980624542820058
1.8025917337484885
1.7726121348097554
1.7903456034014986
1.7746501247653355
1.7736422636880227
1.7869093492505157
1.8136454170001408
1.7723057806511564
1.768445040609143
1.77038924796189
1.7791919427737815
1.7733687506418412
1.773132315367524
1.7831559727140813
1.7813981183938397
1.7719553357062912
1.7672209422334655
1.7847335830401623
1.7680559288902513
1.793408058721566
1.7742867763729404
1.805482311907108
1.7726199221584626
1.7737838097405996
1.7848602149577981
1.7709475432345014
1.7590914880970883
1.774699181502617
1.8126157042627826
1.7475158087016718
1.8360683929596244
1.817023155335555
1.8343919599650031
1.832316918534876
1.8234956962826732
1.8305560260401905
1.8274100741922852
1.8311735514069545
1.8320902745747796
1.8305449967640364
1.8349140155176484
1.8272703589618604
1.8320752761744739
1.82691827924272
1.8301975435402624
1.830347520099198
1.8209919525575247
1.8368366565461798
1.8290748043101026
1.8329014072160195
1.8294579852071133
1.8318953871120203
1.8315657859777428
1.8371229307911798
1.8383056432395848
1.8334867373160615
1.8295192665254698
1.8240432632151995
1.83147367471266
1.8168039672623049
1.8386671066737579
1.8350988777733033
1.8294995594624697
1.8369076945308485
1.8300989809367185
1.8522309289074859
1.8429896877288698
1.8430046304365624
1.8267166656991871
1.839809583087599
1.8465372309518666
1.8373954232231993
1.838785775993424
1.8395245144495067
1.8402646186269986
1.8298489664891044
1.8389305975224557
1.8264841137377943
1.825285054503858
1.8223724238140877
1.8463791737004638
1.8342071472713168
1.8219591392911303
1.873070457490864
1.8245185172168739
1.8310681797420838
1.816281729515473
1.830288584227656
1.831463006134123
1.826339086033523
1.8269600889245372
1.8197812238735627
1.8297165982001518
1.8203808760561047
1.8172947907261165
1.8303352018495207
1.8204148912502771
1.8251499685360502
1.82337710938041
1.8160994903074898
1.8241047672467423
1.8255063397493219
1.8264300705263576
1.823214691487933
1.8230747985094886
1.8404669126843942
1.8263814423436333
1.81841022431661
1.824756519806908
1.8277604710085358
1.82306670024318
1.8374365065265503
1.8203904533013966
1.8198861022721133
1.8236043724796007
1.828721884025179
1.8218655735193252
1.8239086200513903
1.825190179079362
1.8293206123301158
1.824509753852889
1.826427066681086
1.821755191025916
1.8224275662879934
