1.6442742803689692
1.2957753744046008
1.297776880130089
1.644274292632341
1.3423641814754625
1.3451502265032547
1.6442742953592535
1.383342818733211
1.386274987782328
1.644274288489954
1.0003243895367162
1.0025831573421244
1.64427430470215
1.0903468362742734
1.0927144937673694
1.6442743124532522
1.3569119752212428
1.3597695721456842
1.6442733133516123
1.2079362435303778
1.2103949294783933
1.6442742948340645
1.4557009989654626
1.4585289385779394
1.6442743224867882
1.3853996041803522
1.388233453772282
1.644274317119604
1.2757736500022574
1.278671158669918
1.644273316490789
1.4002864211155637
1.4031460144831942
1.6442743352551688
1.2723346815170617
1.2750381158465285
1.6442743095168304
1.372978433741851
1.3758194985759715
1.6442743012173395
1.2502561693906
1.252600924978488
1.6442743204027817
1.2921548390189588
1.2947812705840767
1.6442743152563288
1.3237987067321344
1.3266080455223022
1.6442742974145759
1.2199100484202385
1.2221531711922387
1.644274297763834
1.0890304185722848
1.0914236279830307
1.6442742965249872
1.3156251206731504
1.318186199362449
1.6442743094710661
1.2755671936424196
1.2781816331525222
1.644274331076025
1.31921760533214
1.3219501140230654
1.6442743132844349
1.3100019244404768
1.3126953325987112
1.6442742999947948
1.017225486221429
1.0193187373816286
1.644274306355325
1.244792081930473
1.247225759586346
1.6442733194713546
1.2770739853752584
1.279830531624951
1.6442743041045245
1.236457917742907
1.2389458938803253
1.6442743126532233
1.3164694149408893
1.3192905476073764
1.6442743014945271
1.2365536996637145
1.2390253530815125
1.6442743104530466
1.4418941271022836
1.4448518327737605
1.6442742923146023
1.2407976147015096
1.2434912791927049
1.6442743072604196
1.1785304410903226
1.1810289861092433
1.6442733181685776
1.4436111860524843
1.4468592472588468
1.6442743067650825
1.2349316649775317
1.237549160224413
1.6442743002963829
1.3509310068970868
1.3537420392937631
1.6442743009172758
1.2339444818711414
1.2365528275764395
1.644274294607732
1.3738995210381237
1.3767186009421977
1.64427429659919
1.2672334543706676
1.2698301779875312
1.6442742940110555
1.1301799899748728
1.1326620456647678
1.644274295083987
1.1740075554376868
1.1765445800352599
1.6442743285935753
1.2173684796505755
1.219852843316687
1.6442742988170553
1.1422590318223718
1.1446690846036534
1.6442743056689404
1.2521748942831612
1.2549087915347952
1.6442743235692583
1.2223077209135356
1.2249105332507304
1.6442743010110128
1.1806176991528776
1.1831125449504265
1.6442743051420685
1.2299074003075283
1.232516663894102
1.6442743037546639
1.2308739592494542
1.233487525362528
1.644274297245787
1.1649057885193084
1.1672413949348708
1.6442743028335607
1.0309977715599157
1.03310702138258
1.6442743048060269
1.0732833043118186
1.0754165386634975
1.6442743042144774
1.2070704059759836
1.2094011766686694
1.644274321287655
1.2532556695684889
1.2558186049855753
1.6442743026856523
1.088413097467476
1.0906672606393952
1.6442743037820198
1.182339617025952
1.1847112983788552
1.6442743172164207
1.2224603922954373
1.2251198585797232
1.644274302550797
1.0873426793754606
1.0894506784660225
1.6442743318635578
1.3456365946154933
1.348333318315975
1.6442743372718276
1.4090587709035616
1.4121697486497633
1.6442743263499346
1.3181133733369264
1.3209975106473033
1.6442733166673924
1.1230789984193945
1.1254439403433258
1.6442743306689764
1.2961405901592185
1.298819231672351
1.6442743120111605
1.2985120509102326
1.30127987184007
1.6442743101382995
1.2225734173216098
1.225260868631828
1.6442743181398367
1.3397742494643188
1.3426667903451681
1.6442743113443192
1.4080460904883652
1.410923860931427
1.6442743052537767
1.0652201122247724
1.0674241244918403
1.6442742983884229
1.2979876274824234
1.3006682345973184
1.6442742921329951
1.0692537454931588
1.0713789409480583
1.6442743074024309
1.2643745508932775
1.266848717768358
1.6442743104399549
1.140303685968124
1.1429066379780601
1.6442743115761806
1.0346948336915434
1.0369013081970768
1.6442743034695022
1.0839720403855178
1.0863245680822236
1.6442742978565794
1.130980548027682
1.1333133375233626
1.6442733130677416
1.1424019550975892
1.144775456503864
1.6442743030899687
1.2353183397624548
1.2378763507576067
1.6442743083798252
1.169630870739382
1.172256061809496
1.6442742965207755
1.0848464462587168
1.087084026976871
1.6442743149963188
1.2180262275547764
1.2206123278586725
1.6442743295291289
1.312497034438809
1.3154006057916692
1.6442743227956562
1.238014745985757
1.2407305642729285
1.6442733212874379
1.2175699803395883
1.2200609972011809
1.6442743192554803
1.3297766896623586
1.33251473440799
1.6442743394741572
1.2084289907211798
1.2110045613375653
1.6442743066024306
1.1032335113219254
1.1053208637615666
1.6442743270563345
1.1145255298265522
1.1168912871504415
1.6442743059690446
1.179671373214269
1.182055093119663
1.6442743055566458
1.0956500090205845
1.0978131453950184
1.644274318972976
1.1766357698681433
1.1790168090858204
1.6442733193758967
1.1388231211726958
1.1412127822332683
1.6442733167584405
1.1485911501585253
1.1511342522680554
1.6442743135936502
1.168943854101115
1.1715442169094985
1.6442742986661172
1.1464931881571034
1.1488227629441516
1.6442743182425603
1.2534988162005356
1.2560323544327958
1.6442743040942231
1.0829374760683814
1.0851566096754415
1.644274304589543
1.1387503703083572
1.1411303923308111
1.6442743270874987
1.4669754560428754
1.4701000790497367
1.6442743153862185
1.2211916426812448
1.223605243296972
1.6442745164531394
1.5988453382266024
1.6019263215150694
1.6442733137473167
1.5552689294457045
1.55840481293065
1.6442743120691727
1.2410589536670704
1.2437222986814327
1.6442743163538334
1.2473993740326412
1.249947124675146
1.6442743169040028
1.413533370034347
1.4164453431593513
1.644274360953664
1.4424543661423486
1.4454077171463924
1.6442744738472093
1.621615937353071
1.6249334244287204
1.6442743138878202
1.4078492914099079
1.4107302982104595
1.6442742990134263
1.5429492022888693
1.5458446105459038
1.6442743147636092
1.2832726915121357
1.2859412356981736
1.6442743138698233
1.4686444623749688
1.4719086490769075
1.6442743266841549
1.2423903835120047
1.2449429395604095
1.6442743184263091
1.4442353739460523
1.447443147364291
1.6442743114098268
1.4936484572985016
1.4966742687650911
1.6442743234354962
1.2512453782989792
1.253908485967814
1.6442743174244614
1.5577119353631668
1.5610637308435455
1.6442743114347167
1.462012796898519
1.4650525161831527
1.6442743209604038
1.3333728465685764
1.3360201095712276
1.6442743065685719
1.4322925630727728
1.435077268824208
1.6442743165201765
1.5613947248808515
1.5648567547132788
1.644274316433702
1.5543821128367337
1.5577148104268308
1.6442743177438335
1.4074773636419546
1.4102971112657476
1.64427332257141
1.285171557377656
1.2879397096739704
1.6442743195206009
1.5722976003663491
1.5755676243082135
1.644274323878568
1.367351511575003
1.3701359464737153
1.6442742910793922
1.1332900572259434
1.135474173774019
1.6442743110292593
1.3930119195438007
1.3959165141038585
1.6442743096880554
1.2551436700502352
1.2577167053810916
1.644274312417987
1.539216158513956
1.542474831866095
1.644274322473799
1.4065466987587665
1.409385210449787
1.6442743098465153
1.3323787655161057
1.3350832690801075
1.6442743068755543
1.5854110892672018
1.588571878932966
1.6442743042452337
1.4442397606762025
1.4472325689359071
1.7921675475160241
1.7884787830598734
1.7922231811091698
1.6442743336938448
1.5296897055737675
1.5328353903565304
1.6442743315740018
1.4175637954472677
1.4206123945389286
1.644274323940352
1.5056401006900821
1.5090699365309657
1.6442744912116962
1.6047680371351418
1.6082178248063905
1.6442743010722203
1.399389763675212
1.4021319400236005
1.6442743457444493
1.5487954698511428
1.551991280134299
1.6442743214096145
1.5135110681298163
1.516902922080649
1.644274504569403
1.612056713557812
1.615413455798057
1.644274321710786
1.428190353912179
1.4313213360477266
1.6442743039011565
1.399684174845798
1.402374867896183
1.6442743151811599
1.4728653924216433
1.4759330004850797
1.644274307113711
1.5743387211081914
1.5776622488328989
1.6442742955916625
1.55342452852305
1.5565564976285233
1.6442742979942566
1.5031797196162004
1.5062458692038632
1.8405083774935798
1.8367628199215218
1.8405572070166807
1.6734177746352439
1.670130122769181
1.6734511934815681
1.64427428276522
1.492006206501048
1.495086939664165
1.8730310573905191
1.8693850854791094
1.8730952814425021
1.6442743069624892
1.5405964451113274
1.5437444425533082
1.6442744899126682
1.637564582451843
1.640721746064761
1.6442742973372322
1.3534883574563161
1.35637314330577
1.6442745210181549
1.624742741637699
1.6281556513688473
1.6442744863340675
1.638382475529826
1.6420200294267386
1.6442743030578164
1.5703453734326713
1.5737359893775968
1.6442742952538791
1.578282074113122
1.5814769310605692
1.6442743074205177
1.4446563348687271
1.4475589531347552
1.6442745072500249
1.6165820144404142
1.6201122985773158
1.6442733102317266
1.4551170800646023
1.4580505725368227
1.6442733145751056
1.377835248220178
1.3807697344415515
1.644274476534486
1.62457513090152
1.6279189973827117
1.64427430590385
1.4628097027311975
1.4657332436886876
1.644274327822221
1.5496075476158657
1.552963378183231
1.6442742925740355
1.5155541166202553
1.5186291084595203
1.6442743409445209
1.3474508611497227
1.3502102892191652
1.6442743162324527
1.5311354371600006
1.5342197219731226
1.6442742978555687
1.554803395948086
1.5578447525658001
1.6442743039474295
1.569518071204961
1.5727168935644886
1.6442743049414663
1.5173283813155762
1.5207119096236597
1.644274312838968
1.5179277082542508
1.5213527039501862
1.7305739917815026
1.726828933405428
1.7306086772209344
1.644274478390132
1.5726503637352245
1.5759999615486433
1.6442743072988604
1.4106491765525793
1.4136195900059487
1.644274307227568
1.5423585247317781
1.5455131429546054
1.6442744638023
1.5937278320284587
1.5972474623970503
1.6442743158781854
1.511159892342096
1.51423160234971
1.7034178287398525
1.6999295757415303
1.7034478732155962
1.6442743088634146
1.455358124370351
1.4584255263917614
1.6442733124731204
1.4431332048700194
1.4460684645794055
1.6442742984278178
1.5226883543432117
1.525919342761172
1.6442744659696273
1.6016164406833195
1.605015625343571
1.644274315178788
1.486649896944436
1.4896758772083893
1.6442742889668909
1.5254684761189483
1.5286411379221687
1.644274285300465
1.550441996413845
1.5536093933839497
1.644274476737959
1.6104885382703482
1.6138802543789013
1.644274300187833
1.536686640902593
1.539758057536549
1.644274323817333
1.5693080758667608
1.5724176836153556
1.6442742877334913
1.4857598531581173
1.488701236326823
1.6442742914038397
1.500231443411867
1.5033516148625083
