1.7655799174380884
1.731164703830273
1.7692687300416774
1.7323923749136119
1.7422267151287605
1.7373112409863505
1.7446832425472005
1.7840181780331972
1.7631227655401873
1.7520566891178284
1.743455448778269
1.7582051465538817
1.739768422306579
1.7508290346534754
1.7373098473406776
1.7508286939586202
1.7680383120878418
1.7741834961616916
1.7496003079487341
1.7471411288128036
1.7250199151015233
1.7201017565037138
1.7459074971783408
1.7495993332902624
1.7545178654758293
1.7434545232295817
1.717634787322942
1.7323847265321615
1.7594261004017384
1.740997210944856
1.752052964129723
1.7360808915062766
1.7360752920576017
1.7594331061192618
1.7422236772714728
1.7606642820547163
1.7459002737720262
1.756967103322757
1.7741839051661863
1.7680325122245042
1.748371266249936
1.7557419615533008
1.7987625645650114
1.7766363335134543
1.7373034284441808
1.772947341096589
1.7459031440401058
1.8724647836908848
1.8724647012310596
1.872464805377101
1.8724648075439019
1.8724647012673623
1.872464706007226
1.8724647663110796
1.8724647013199898
1.8724648196377696
1.8724647013362457
1.8724647012355857
1.8724648351965072
1.847916103166988
1.8724648382734024
1.872464792812258
1.8724648009717675
1.8724647011786353
1.8724647066669535
1.8724648319029022
1.8724647011705537
1.872464791885997
1.8725013406672713
1.8724647989742411
1.8724647012238105
1.872464820322095
1.872464802190189
1.87246480592399
1.8724647926233295
1.8724648005589462
1.8724648114711018
1.872464701431241
1.8724647989860295
1.8724648044134857
1.87246483399737
1.8724647967002153
1.8724648010237441
1.8724647898918512
1.8724648150685428
1.8724647149668514
1.8724648100512287
1.8724647980858036
1.8724648039188752
1.872464799087187
1.872464807806412
1.8724647990323362
1.8724647011966447
1.8700241434095957
1.799995574745039
1.8136571118319704
1.781559662652759
1.8061341001279816
1.8012249465674584
1.7963091397692488
1.7963087816155359
1.8061319150324582
1.7778712417303002
1.799995912521575
1.7975371655493704
1.7926223486449633
1.7987674046023796
1.804910149139175
1.7827881163216595
1.827156876570125
1.8155230847806285
1.8390762061118273
1.8061400895561355
1.8049111754175875
1.7864762313087144
1.775411975122872
1.7754124042100559
1.80614123886333
1.8061331283526953
1.7791004986637524
1.7889346252321459
1.7840177730077684
1.79876791934458
1.7520590615382023
1.8024537506867258
1.7987660882864818
1.7950806704007696
1.7975385413323712
1.7840177042154497
1.7963089237395118
1.8073558907787763
1.8198030807509502
1.7704961012266904
1.7999958212835843
1.828403525959562
1.7963080625336498
1.8122569070608778
1.7987670055080187
1.8061343343585623
1.788934597124037
1.8024513385401884
1.6021145577501836
1.5578709830958064
1.5910519305186017
1.8392425045818406
1.6701153033489948
1.597197740224405
1.8730303649953777
1.5627855762062006
1.638121764080615
1.5935091523953573
1.6255590471412733
1.638489571478412
1.5717045767919349
1.581503060064536
1.619321357166581
1.617764283125647
1.5947391504707833
1.5959691148610713
1.626629822871951
1.5775345031202133
1.58244864411381
1.577533364891155
1.6107149060008907
1.5959689411814273
1.5820274204009557
1.5812198361240317
1.5885944870494708
1.5799909126781024
1.727067226696126
1.589823920786827
1.608259428026066
1.5775324773119257
1.6205503571327031
1.600884625532338
1.6999702136300627
1.6193208342223524
1.591052859598351
1.5775341180683844
1.603872613968327
1.5726179979725194
1.588593567080847
1.5713890347421284
1.6127179760676935
1.5603273593200147
1.6156322752242886
1.5984262037955401
1.577533711562124
