1.5775748986542135
1.5775751802311433
1.5800330662580302
1.577574387766688
1.5775759900867643
1.5775741751835888
1.5775747429849418
1.629181613513963
1.5824895445314535
1.5775752958513565
1.5837183497730825
1.5775748454733367
1.5788039800128304
1.5775750029560802
1.5775743776348221
1.5775742181304224
1.5775745088439088
1.577574260908849
1.5775745733423432
1.577576344524017
1.5775753332027718
1.577432049093679
1.5775749909484442
1.577574848763534
1.5775740154371436
1.5775744137124927
1.5775744062850732
1.577574604428781
1.6107501400084705
1.5775745357867255
1.5775739511992766
1.6144374059672189
1.5775747835198077
1.577574091175088
1.5775738277936042
1.578803120266288
1.5775744159695833
1.577574312249624
1.5775749168402253
1.5775736597956027
1.577573729739432
1.5775742282175715
1.5775741831545722
1.5775736471260045
1.5775749963093495
1.5775737182271965
1.577573365446901
1.57757448381243
1.5775735303069418
1.5775735478742734
1.5775742845850358
1.5775741523546623
1.5775745421946286
1.5775743115800338
1.5775735603760563
1.5775746655285579
1.578803288166424
1.5775745731152477
1.5775736773541709
1.5775737856753091
1.5775750076047073
1.577574280975488
1.5775731684800371
1.5837182177454205
1.577574355208765
1.57757469631597
1.5775747148694
1.5775752793757885
1.5775736750304312
1.5775729879710345
1.5775732959707767
1.5775736664905218
1.5775734951630769
1.5775736260998994
1.5775732564030942
1.5775743581080222
1.5775740015144222
1.5775739979765377
1.5775736939643152
1.5775732449040054
1.5775743989555013
1.5775740110204808
1.5775740231594697
1.5775737735459177
1.5775739913996158
1.5775738369754078
1.5775735209783572
1.57757276381306
1.577576092037251
1.5775739801133348
1.5775734018223269
1.5775744075843046
1.5775733740052316
1.5775730509435522
1.6304110810292376
1.5775760138169512
1.7311682286258516
1.6893907679547067
1.5775757555708496
1.5775757821308412
1.588633986043032
1.6082940502971472
1.7520565331255131
1.5824903312111895
1.6758747847993196
1.5775756406725405
1.6304114616975522
1.5775767595710797
1.6132093194105621
1.6390122857450309
1.5775751519524843
1.6918477238624245
1.6242672764266077
1.577575458386084
1.5984652319531036
1.695534328781705
1.695534705753861
1.5837205683857176
1.5775770156795592
1.7053644609088732
1.5775763975954542
1.5775752380029935
1.578804928629642
1.577576666933825
1.6746461627180287
1.5837189610639344
1.5775759030009602
1.721338036899892
1.6107517327025935
1.8134937192401166
1.6721886314047076
1.591092311603418
1.6512998059382085
1.7409978683292713
1.581261903408195
1.6832472457503658
1.657443002066511
1.7446844022498016
1.5935492828824918
1.5824909029982195
1.6328689831698768
1.7016751026583783
1.6844729686585065
1.6574410706801161
1.8724743660627445
1.7876869885422555
1.6525261800580036
1.873030431896536
1.6783295763490673
1.7520537701690155
1.577572825551146
1.7348513865898878
1.753282774360706
1.6992179664342184
1.7016754785237571
1.6230363936373182
1.7360802715260384
1.6316373627071228
1.5812599524500999
1.7434526038078335
1.6316368169459554
1.6857016261102358
1.6648131205658006
1.5775731482416322
1.6721854268725245
1.682015622946371
1.7029043897406426
1.6537548883293174
1.6623553910121687
1.8012033172562483
1.7016751055186505
1.5996907460617549
1.6820157565732214
1.7053617750963703
1.6574413069377973
1.7975171696140244
1.6316375263718854
1.6242649539692695
1.6721857558273021
1.7237926887162196
1.6488396333619115
1.670957364768602
1.685702160515201
1.7262503355863865
1.6746428878337865
1.7016756696928848
1.6463822761205675
1.6525258159308993
