1.776868346443321
1.7909721325822767
1.7910459910460366
1.7908808037260957
1.7906571217483316
1.7909143472622306
1.7910845044765986
1.7913823858135975
1.7912091253804114
1.7912915262159053
1.7911287601465924
1.7912440791605178
1.7910466065213766
1.791167663681017
1.7908705236438822
1.791267305388231
1.7912982224118055
1.791346910672397
1.79126443352849
1.7908871592260807
1.791129196979804
1.7910040701318934
1.7912111794120595
1.791220669753125
1.7912765232985717
1.7911388307583747
1.7912084941518913
1.7912850366471182
1.7914094173391983
1.7911081979430432
1.7913508982688315
1.7911619562203327
1.7912221080646105
1.7913230781766074
1.7912146096475385
1.7911646490428543
1.7912968109193468
1.7913383801814957
1.7913594068323786
1.7913951169907938
1.7912172684666916
1.7913263570184457
1.791475667212919
1.7914171595609032
1.7912764685908449
1.79143876715998
1.7913521814790379
1.7916075086641865
1.791634284609417
1.791604554525838
1.7916154512279923
1.7916338864552606
1.7916205577336877
1.7916214443663798
1.7916318388969306
1.7915861730030274
1.79162730464402
1.7916222466239218
1.7915821085604093
1.7915491900924876
1.7915791113395558
1.7916137072985683
1.7916106856170835
1.791640963076656
1.791639074441118
1.7915968761751586
1.7916153032467328
1.7916141075384673
1.7915730366538438
1.7916348346079223
1.7916699993408365
1.7915956691021062
1.791616574333008
1.791603870434096
1.791630443455565
1.7916133785457917
1.7916240210543053
1.7916357516599888
1.791630089128659
1.7916290612957613
1.791607345258234
1.7916370143810438
1.7916159270966863
1.7916503392091487
1.7915889114326127
1.7916509662803592
1.7916277570549437
1.791627588913947
1.7916246435391203
1.791626147972208
1.7916250985071942
1.7916204492919623
1.7916467387114112
1.7915944614880068
1.78608090575921
1.791436712258064
1.783227686379516
1.791317340688172
1.7911196039543102
1.7821144910813613
1.7908914036090822
1.7912676742523983
1.7905099926570678
1.7906956664111806
1.7903604194664062
1.7884101818133757
1.7901912500044752
1.7911841874274164
1.782119435428541
1.7914540359159932
1.7914290887020503
1.791475208205154
1.7912446638042134
1.7906690346886933
1.7876276572390033
1.7868257117219395
1.785922196234528
1.7816098007062837
1.78855436663755
1.7773415847902778
1.7813206990381376
1.7882721398357753
1.7865657753121458
1.769199617910106
1.7833853517808267
1.7850885118292483
1.783667726472246
1.7863562530482926
1.782630022862217
1.7811322810293737
1.778840180254021
1.7907081670154705
1.7893282576300422
1.782486590003316
1.7884589370694715
1.7810115080052196
1.7911568517862058
1.7816158133918454
1.7843839805032593
1.785365233164246
1.7809008181398738
1.7785203838665686
1.774479250424926
1.7762417816220564
1.7916491408788056
1.7796557589305433
1.7664953678694935
1.7916700005500044
1.7745591026793017
1.7839775050625553
1.7666503056489697
1.7775465557036811
1.7750251554355618
1.7768333830061505
1.768238159014601
1.7625316327117855
1.774387206727444
1.7590707893225854
1.7630543858296372
1.774991052676332
1.7773766100375312
1.7666645439598505
1.7564045142337206
1.7700981218617462
1.7687816506219896
1.756878557941089
1.7682301289969602
1.7720442383580972
1.7779349456256979
1.777371621523835
1.778154155554902
1.7684443664693594
1.7602338154012056
1.780831373782432
1.7607092248247862
1.7773761746770613
1.760825001405163
1.7547724662365403
1.7615402158064226
1.762560566385228
1.7559945588246835
1.7511000119155216
1.7682153112243848
1.7660062505477756
1.7562494292895483
1.7699001857984407
1.759987495048469
1.7685054441254604
