1.5118184124513545
1.5466486090684335
1.5385813373468593
1.529472103906437
1.5160031214384697
1.5479338072975208
1.5426110614771316
1.6021905309571176
1.5528368687715908
1.549735919484665
1.5592933504225202
1.5467462988934726
1.5502192447036935
1.543379924701521
1.5428821489196152
1.5565679974399007
1.543749248034696
1.5386578383790641
1.5562616887109322
1.529602414295163
1.5507966895240348
1.54694017801394
1.532047519966264
1.5472856604684881
1.5529941611366693
1.5488807077525895
1.5627853921462938
1.5646489862855346
1.6019368157249112
1.5467131057163461
1.563251098851242
1.585254385308489
1.5537463953403232
1.5573711752110198
1.5556880075180368
1.5472231925149555
1.5585789508127317
1.5478584687602892
1.540577759915328
1.5596101182261217
1.543838558416866
1.5572173934636886
1.55613045269051
1.5554214100758976
1.5565310426782195
1.5719036429162578
1.5698676035422339
1.543213143416087
1.5634987333347856
1.5651230398745932
1.5623142650144937
1.551309697648943
1.55321331432164
1.5595562320267164
1.5623960891395292
1.5662822655339768
1.5710715022724293
1.559632299665715
1.5617840809195043
1.5713662546593135
1.5618318941561693
1.5640725712179553
1.5818994193408504
1.5721150955531253
1.555569151956605
1.5692026820320155
1.5478998953671805
1.5673996242985735
1.5627291258421818
1.5658898041307387
1.5679606280551097
1.5655341440566806
1.5710618698341599
1.572827268679266
1.570219414731014
1.5627197349122772
1.5725564273459094
1.573263394909302
1.569783059766212
1.5784764163243128
1.5774099245792006
1.5719160477579686
1.5707470746263303
1.572936354386238
1.5609220850713676
1.563608694702799
1.5749212916419808
1.5732362245319709
1.561466573368478
1.5757134473205456
1.585260109379828
1.5698814200011748
1.5657911068342811
1.587159070556581
1.569355431407495
1.52304322075862
1.668347399604833
1.6394718080596264
1.5181754786883184
1.5068987925606188
1.5404820772217596
1.5579715793888493
1.699126698162018
1.5314610454875595
1.620473560190797
1.5188369113556024
1.573738069158444
1.5120177470016514
1.5499166169747527
1.59159831503072
1.5253078477859687
1.6371382919107047
1.5755362912900182
1.5183099111137452
1.5413064257721896
1.6403799318287018
1.6388226251518467
1.515541851777247
1.5019913533363152
1.6391542004630333
1.512566023141173
1.51443190686866
1.5194823792128545
1.5040664535338433
1.6082757947469049
1.5231606957032304
1.5152695658427546
1.6607785100706571
1.5513254640513319
1.7417095901149517
1.5995428673891623
1.5260598062424267
1.6014576468809942
1.6738686507673488
1.515531286869268
1.6170956842212159
1.600550729719779
1.6744065174741032
1.5290603154338178
1.5264660229142797
1.5628370832673522
1.6454330384855782
1.6247628863184227
1.6001369713241547
1.8152044924310833
1.7256464992103517
1.585316918213702
1.7916700933656438
1.6174043050182996
1.6945764704782273
1.5134065373373606
1.67370377614907
1.6854248697746241
1.638635308801515
1.6338928226424143
1.5539911194779377
1.6692554257902363
1.5581380495937132
1.5114537078112127
1.678874415143731
1.5782691497948895
1.6183394398199282
1.5893611729299364
1.517290307789277
1.6078344478305464
1.6063108906160009
1.6350163647802183
1.592253873803473
1.6078767749810678
1.7337079971826337
1.6445330257619664
1.535207461960954
1.6071458417382882
1.6498881242494796
1.5849696878375543
1.7309767372524154
1.5601903945149718
1.5490919629842324
1.6011965621215958
1.6495871588611781
1.5745370539165184
1.58760352112309
1.6190432337220952
1.6553118630227546
1.599494875565798
1.6374137827805881
1.574213018590152
1.5866043853222764
