1.788200971914978
1.8161188909927066
1.8153824281677509
1.8222551474063649
1.8155881711491622
1.8147947449007753
1.8252584495062942
1.831240854083888
1.8232191567579263
1.838250866459029
1.8218696452778749
1.8308500629249131
1.819300945318489
1.8272445940358375
1.815765704715838
1.833585588331485
1.8340273591927243
1.8433723327150553
1.8339977654210569
1.8163164661420679
1.8247779381110318
1.816937805366472
1.8386567368448943
1.8319708257940461
1.8362830719076553
1.828107276737273
1.8324518723294012
1.8477545221293354
1.8466611474350791
1.8271820940797927
1.852877105974196
1.8224915048863028
1.8375997167731393
1.8363323409439367
1.8349133905533124
1.821581348603961
1.841097749616782
1.8491507251814128
1.8434874751683037
1.8526245277159827
1.836134323890739
1.8424837404915657
1.8616038788817182
1.8558639217240362
1.844306564729526
1.864320974613306
1.8580384964627268
1.8920856846873257
1.9096250261401007
1.8923457985729537
1.8930252849083522
1.8987198585882628
1.8956108737187043
1.8958047562139582
1.9035412999805084
1.8868454746881393
1.8869414343504574
1.8865537313909282
1.8989018447667114
1.8852325748118102
1.8875054253193637
1.8987265021962256
1.9025520492825858
1.8861986830361508
1.911496141523069
1.8954129605759802
1.9039731932428923
1.905647292085721
1.8960432225354062
1.9087373354973054
2.04317649425006
1.900844225524833
1.9135286761574881
1.9020969227454696
1.9082821314715543
1.9147886941972885
1.909927373818878
1.9023378223943965
1.903051323519613
1.9112720067417626
1.9035760683240077
1.913999095295346
1.9180413988034153
1.9233148227378334
1.8975241974980057
1.9165970590981236
1.9146631592926213
1.9135678101166336
1.9300667192215377
1.923852795872328
1.9287001852180854
1.9080179577225795
1.942254664220352
1.9249132049040811
1.7964411164436145
1.8296301580854113
1.7916505400347362
1.8108199609545266
1.813510601718437
1.7936655344777297
1.8079353296759082
1.8115303242647116
1.8018873682410879
1.8058652790465874
1.8023433548376493
1.8012503130048165
1.8030978198177987
1.8133537234911208
1.7924383007194735
1.8185636173117883
1.8263763809112528
1.8153189530582277
1.8118147497916814
1.805805986642911
1.7989317524705044
1.7962711726763467
1.7952885256260411
1.7918958604653412
1.8001855194180318
1.7859203045578855
1.7923202519524284
1.801906596993464
1.7977466470210186
1.780107609667811
1.7927982276700682
1.7958650557859077
1.795042121312962
1.7953655325180569
1.7929103882357678
1.7847513770159706
1.787839271027345
1.8031426989754087
1.8009994835371628
1.790875775731385
1.7983131925233344
1.7901334349160154
1.8065167555711985
1.7898922202812304
1.7945235495514196
1.7963417740260184
1.7906925880426707
1.7792059001517608
1.775045482804162
1.776967247470702
1.80605887783704
1.7801878373779683
1.7670700057740276
1.7916709600123293
1.7751379712626165
1.7848813716018157
1.7672984090005242
1.7781104710467643
1.7755156372681082
1.7774376447771967
1.7687091019064187
1.7630299799561833
1.7748846702388201
1.7595259152034433
1.7635901323389749
1.7755263851189078
1.7781652107990176
1.7671466181994118
1.756812638752283
1.770840261603164
1.7692821572648165
1.7572500451500717
1.768682899760732
1.7726433480834527
1.778656828685269
1.7777183200558797
1.7788151846999374
1.7690680876901177
1.760641670073968
1.7816345323536389
1.7611854115030698
1.7777716765460125
1.761351269421809
1.7552635239656602
1.7619656434124664
1.7629459482195993
1.7563788544002237
1.751462466764939
1.7686782029573767
1.76639084011188
1.7566046189790496
1.770415624726682
1.7603823252513882
1.769034234804417
