1.720850213440452
1.7251361510144738
1.7500286555020013
1.7322276732066493
1.7389911555944402
1.7274271588981074
1.7442737877463794
1.774873736641526
1.7532151923488521
1.751994826797905
1.7379214504732476
1.7577156086553205
1.7334271232754737
1.7501632692110696
1.729745401090329
1.7507362751037998
1.7676447900663093
1.774074236695258
1.749531757337987
1.7374688330044143
1.724885193418787
1.7182760716211376
1.745854980653368
1.7494850738559151
1.754437620246831
1.7432934167806764
1.7176127573987672
1.7323606155208993
1.759403898982888
1.7408089156112985
1.7520249201840044
1.730137057760592
1.736038318106794
1.7593177583562893
1.7421734869388716
1.749619045027184
1.745877250364094
1.7569303396103313
1.7740896342451755
1.768000545558112
1.7482994093538509
1.7557010703254459
1.7987171834284341
1.7765946996381152
1.737270872417453
1.7729261966147336
1.7458851172341792
1.9640200029467234
1.9835103157283107
1.9248831116638336
1.943532204917825
2.008354632733042
1.96765840976873
1.9792591438889406
1.9848651353644189
1.8878776129971333
1.945599157116089
1.9498159041923737
1.8839285540386315
1.8478922085973808
1.8815643664767339
1.9461054545785332
1.9188736721836628
1.9230171200784119
2.037306764661611
1.889692123769058
1.9706331951083111
1.933443386554903
1.8724675256077736
1.9881877298700588
2.0146924775805664
1.8968396801055327
1.9307626096877835
1.910399300933822
1.9652811631220939
1.9469452068833728
1.9492810405102614
1.9722096558921671
1.9619915709241122
1.9419307443271516
1.891655762373702
2.0005074219134302
1.9391698230330292
2.038030181049223
1.8988460315279179
1.9892960085943503
1.955280920035692
1.9588956721707704
1.9974166393213115
1.9575785691438587
1.9326667949275285
1.9399033913844987
2.029083071990101
1.870020054630315
1.7511572339833956
1.813650826006546
1.7315935212262807
1.766685573336558
1.7719312394139815
1.7494250130155378
1.7612059880149147
1.7713298224406748
1.737577888249049
1.7617175146829813
1.7538754136498471
1.7556433797984248
1.7579035399975196
1.772789538730882
1.7356437040861634
1.8145549711509033
1.8155139111074443
1.8143192781757604
1.7698122578805773
1.764609940370828
1.7462392324776277
1.731913245395686
1.731457199722983
1.751668163982243
1.762467191957831
1.7242637104805272
1.7420346786636756
1.7505905460324793
1.754946823301045
1.7077246589023871
1.7481667937937135
1.750141778858914
1.750883706321846
1.7481243651075786
1.7379696648456553
1.7264895154033186
1.746300131093826
1.8018828217493432
1.7345220536837873
1.7440607442567349
1.7972329705682608
1.7414435069173735
1.7803807657989195
1.7416798347859281
1.7530553680601242
1.7455837654985167
1.74621073245053
1.5579645874008676
1.511637418096751
1.5493359895860643
1.7859565038229046
1.6217287237898843
1.5467051796883586
1.7916700157332281
1.517299860993531
1.5957757401865746
1.5493891651033336
1.5789120873724278
1.5883958369782225
1.5274488517404805
1.5268461216321758
1.5670547292200026
1.567745175503105
1.538094071390161
1.5465541781768735
1.5758280185753808
1.5379377074883942
1.5285187243503637
1.515679164732495
1.5711764664577164
1.5450338997060027
1.5194221788739914
1.528403474762872
1.5416347795043372
1.538671623152577
1.6695724013319118
1.5456550990892914
1.5631194356386993
1.5177285724014917
1.5778843668254068
1.544997805594424
1.6462458758952594
1.5645810559462823
1.5318633755043107
1.521238453818706
1.5431235668764889
1.5127150290327298
1.521232815801615
1.5194987770539037
1.5555952409155953
1.4985918009434112
1.565042127248187
1.541783812648638
1.5265849784391725
