1.8180519832271484
1.7100030092075886
1.7776834951668823
1.7670133583461352
1.7838749867057637
1.7251027926308011
1.772761979133845
1.808719174653504
1.7656674135806694
1.784994938527784
1.7258416362643676
1.7955431516884477
1.72188094011413
1.7842666719369393
1.7473833027954266
1.7680862647507583
1.8317454789527392
1.868888724176349
1.76568499138086
1.7776871910485161
1.7130878861957193
1.701588854300062
1.7983044222451183
1.794250132577445
1.7899739543707436
1.7688816885933514
1.685477212295071
1.742139057281399
1.7751222856441404
1.7649737736444202
1.8013038007525326
1.6962720548141936
1.755398207127084
1.7871384479782217
1.7593397265161694
1.7692886445210685
1.7844865770392049
1.8182123272440494
1.8485980927860624
1.837254164465781
1.7910282060017297
1.7923355063116435
1.9198787185441346
1.8763743562098694
1.7461120869402909
1.8507623118226604
1.7863584856637376
2.179760728096622
2.181073285022612
2.0829639115234073
2.0984921479850533
2.2239695449436296
2.1560043011700247
2.1408196048969637
2.1865145318336885
2.0198388061207884
2.0667923748815245
2.1268387433739746
2.0502710748274806
1.9584638123246085
2.0254474327362364
2.1064951911347247
2.0461119361312
2.1317542554049087
2.2222833778701956
2.023322283194528
2.183837107281142
2.0859499682925193
2.044247492698577
2.18827960234291
2.267253926457823
2.0719202158349366
2.0982595304679976
2.066593815583105
2.1299731587038604
2.1308080052469407
2.1073582488857596
2.1082104902092333
2.119634324561084
2.090201995576565
2.0312851934404113
2.1625151257338624
2.1183118378322683
2.216705914299141
2.064266555873224
2.2417133768894892
2.1150089785241493
2.1176986097036545
2.1643771967244514
2.1257402483727947
2.0942536381100765
2.0987889635335546
2.256241122924011
2.0284074256559186
1.814646789277876
1.9480779679724745
1.744596456046629
1.8299909873642481
1.8915992738891427
1.8697910623029188
1.811821025407266
1.8466807371257967
1.7467755988724372
1.8076437869961954
1.7899054199095046
1.849181177070181
1.7980384182546194
1.9170032538773811
1.7730163409555943
1.892932569763731
1.9427761061140387
1.905080237033777
1.827188637432644
1.870790770191335
1.7795630614727012
1.7423454269478074
1.7409721274422207
1.8356584190576068
1.9262929171595715
1.7449338693910108
1.8100790747526092
1.8649825543811496
1.8095589768542155
1.7835894583957645
1.8018829643407595
1.8230888721921727
1.8232730541116058
1.7751055407071015
1.7663068933987052
1.769553243427685
1.8383436475835737
1.8896542411509363
1.7342633639817429
1.7979518504401943
1.9116302397420137
1.7910449046457386
1.8611310831757504
1.7865839380645572
1.8480465105167916
1.7917725120736765
1.8237592908801228
1.3353795746641302
1.1963102052657673
1.3322065999820731
1.1472760683519398
1.2616813416700057
1.3552537382357153
1.234131852696844
1.2245208772588585
1.3383181680154261
1.377712951784999
1.3116235659314033
1.269932604028419
1.1884054846373813
1.2412911549567298
1.4220248086222163
1.2968179690235395
1.364451732654977
1.3793811127115623
1.3701430281768106
1.282864307702877
1.2842819379270904
1.29955460035143
1.438723455457618
1.336785198507124
1.2853471311882478
1.291817701198652
1.3218752133392324
1.2944100284840143
1.238962591885077
1.3034916440612654
1.4086842726806805
1.2803971812122095
1.3803676142687178
1.3698955173352318
1.265612054033736
1.4176393913733925
1.3499918263890074
1.2725156182906856
1.300720207955017
1.2875278749123222
1.320077563509909
1.2495177852745818
1.3195395796423843
1.2136465678212263
1.3797502765986787
1.355788109842548
1.2952840371940217
