2.07122476078711
1.9838915230923038
2.0679086271185207
1.991002726001853
2.0144954281843384
1.9965111283955455
2.0225021074829015
2.017013108021069
2.05152397738372
2.0430279323815745
2.0053421290544926
2.053246082411641
2.0038592463589633
2.0380448440795567
2.000660270145735
2.0377021565482116
2.0771795680993668
2.0945319740439787
2.0333777414612553
2.029788707605699
1.9666469017736228
1.9573656834367195
2.0310328968681537
2.0355943171738815
2.043348900941653
2.018318039599087
1.955272400742286
1.9939532871557586
2.0085485295099494
2.010370152406108
2.0447827582736955
1.9341430615785768
2.0031548132790697
2.05875609390734
2.0169575713451997
2.0531559714934438
2.0317824999405514
2.0603113148643293
2.0927204304168203
2.0867048925488905
2.0308895955706983
2.054172270185337
2.163260223049982
2.109554224936432
2.006462818368462
2.0980104961761237
2.0298242279569
2.424472199829976
2.4562588660384237
2.380051327018255
2.399886127363994
2.486955479201025
2.4477200548946905
2.438296800439149
2.447007200108697
2.341512607716547
2.4045443575292533
2.434141317316047
2.3377729853410356
2.2738979704762134
2.335130585389526
2.4018705210025195
2.373631023256517
2.452907682279566
2.498150452001909
2.3432793062282644
2.449487389923912
2.38992475489379
2.319219414293411
2.4467037024282994
2.5404751554871856
2.353008303049585
2.3877648320272753
2.3658049797406266
2.423226273603506
2.4045100856642185
2.404885070013975
2.432021820278784
2.418868185953022
2.397726859436603
2.344864307493058
2.4580522074737825
2.395805555277637
2.498198331302693
2.353675643151411
2.5171107750311776
2.412558558391981
2.415166612670133
2.457706878937448
2.415458453486394
2.387893646250927
2.3983948403387445
2.530684199905089
2.317829548574426
2.0622244402779173
2.210423998416781
1.841708987987263
1.9958668871021088
2.1536478060277027
2.135782760754229
2.1202069243016566
2.136058558595625
1.804137739841673
2.1409716961768415
1.9808896417617516
2.1190862972894373
2.0499122609416327
2.175337224055173
2.0501079776066695
2.1278476371658033
2.2149573354850736
2.0646139252004754
2.0934998820209567
2.169416978838968
2.077694682032607
1.8977322132806174
1.8965222401206783
2.154789448582287
2.1884773017307846
1.8857495378382994
2.1170320829205407
2.110630406731993
2.1287308342367934
2.039530624526024
1.992921821928287
2.1419192743483944
2.1219844881197614
1.8887835083691142
2.0536542378586713
1.7466098240171548
2.031411668675964
2.200250337658115
1.9587810084715904
1.8719971994265237
2.2283995974964252
1.9652912071517161
2.0708722981855474
1.8628402771221688
2.1583511941081994
2.1086840777208447
2.0755137606868423
1.4263782043246245
1.3083627806808067
1.4758478215048216
1.10643628380337
1.2457719674863441
1.5011827918877427
1.2194514076221463
1.340912690077109
1.3727859579478345
1.6202663325670918
1.37317528886395
1.296206723072284
1.2713140235855642
1.338591374187962
1.6056634805124115
1.3502730065001713
1.5293125921800188
1.6157931958954839
1.4108522358957933
1.4641234698208407
1.4066330383182373
1.428428482131792
1.666764116832083
1.4613891837577682
1.4118610022486224
1.3726595960269037
1.4737445458520737
1.4398828748580768
1.2153299979359455
1.3945429990181017
1.6177555150720775
1.3987876122498517
1.4692473932949806
1.5031962543985844
1.2393748816834254
1.5927761916835503
1.5315126281819218
1.4054845130529032
1.3727564409275825
1.4249512041437364
1.4470075505058098
1.3595386345446505
1.3894794231587693
1.3402602082693007
1.4667200858489347
1.5141380259769714
1.4431267524462559
