2.078163145643435
2.074759285250539
2.078159244272001
2.0763720672981134
2.0773130483089046
2.076139648532208
2.0774769816069774
2.0783740886586077
2.0780309497768163
2.0778347429586494
2.0770344380450108
2.0779784562161594
2.0766358430412244
2.0777590024049553
2.0765238003767577
2.077721668520241
2.078233184529339
2.078372191431955
2.077643972949378
2.077591979762813
2.0699537326103976
2.064904420844319
2.07772305994604
2.0777246208605393
2.0778452448096107
2.077360348942069
2.06366984580068
2.0762366817630196
2.0780417321497717
2.0770955287691377
2.0779128908105635
2.0756633549586354
2.0767511645799877
2.0780190883741327
2.0773083382099893
2.0779662122222002
2.0776529553960037
2.0781072529929445
2.0783457436099435
2.0783067530134463
2.0777105704995797
2.077990505962612
2.078644459457174
2.0784414531085793
2.0769548893027108
2.078377078102397
2.077672038443238
2.0789973853422428
2.0790260590982435
2.0789596816051867
2.0789776571611926
2.0790537927706967
2.0790184926135336
2.0790106915527162
2.0790178185963257
2.0789202518303536
2.07898318815577
2.079006568164354
2.078916244767198
2.0788374646674064
2.0789136583864485
2.078979964353155
2.078952915361163
2.0790331901787935
2.079064784685717
2.0789219881681285
2.0790188336132966
2.078967541981647
2.0788954680153426
2.079018383855031
2.079103804155599
2.078930641247467
2.0789647637776003
2.078944698395115
2.0789976126054834
2.0789804403464847
2.078982349543539
2.07900591622681
2.078994502403665
2.078975464678409
2.0789235760753693
2.0790289665941133
2.0789727607178894
2.0790641079516714
2.0789327448277035
2.079085094787872
2.07898789116498
2.078991390478299
2.079025754414547
2.078989893651239
2.0789658881537614
2.0789737991240225
2.079094408277096
2.0788936257280644
2.0785635329876384
2.078738201374476
2.078239745053655
2.0786559142621446
2.0785907699083768
2.078526025200669
2.0785231351932376
2.0786794192026665
2.078207085095484
2.078563474232342
2.0785296770737776
2.0784515461381354
2.078512789389566
2.0786550651886904
2.0783748034710516
2.078774237789433
2.0787470578504275
2.078813706870342
2.078632521658703
2.078634888038447
2.0783922763435063
2.0782358111608366
2.0782286492878703
2.07861428490284
2.078685062445284
2.0782644111116118
2.0784253721138084
2.0784278776775
2.0784892489278612
2.077709798663564
2.0785695991365247
2.078572526852029
2.0784599415664706
2.078447702807513
2.0783724069577914
2.0782456003109497
2.078679844954526
2.0787579474956694
2.0781491599989432
2.0785195336471123
2.078781445569362
2.0785144283155823
2.0787150090027406
2.078490035106351
2.0786729281402456
2.078422055749365
2.0786235932776926
1.7375300529236564
1.5926440494053589
1.7185895908076823
1.5558272289455617
1.690505825000658
1.7343559717129364
1.5373290164345192
1.6163461283618603
1.7612630725361813
1.7360164157660525
1.7345280358260688
1.6854183922968728
1.5798167847477318
1.6500592552351265
1.7934859747181968
1.7146084871431113
1.7308756833007721
1.7365968973279076
1.7853319187080336
1.6656759435145259
1.693058347068076
1.6792908743149295
1.7827483678668556
1.7269458060321188
1.6918275055872467
1.6864812858391096
1.709286784112128
1.6893047495195752
1.6702631090784152
1.7059903380660066
1.7681203996748338
1.6803795788474105
1.784907493332022
1.743324779757583
1.6942924800014278
1.7955678700074413
1.7196051136010233
1.6718174510024195
1.7186125586620193
1.6545537626028342
1.7107226143316525
1.6461235954422462
1.7379856553694515
1.6098525822503593
1.7782163240766173
1.738649161911725
1.6777214826967917
