2.144991926670695
2.120588559237346
2.1458927806666432
2.1340755321312916
2.1405020386372122
2.1288893661912596
2.1443318804782825
2.1466636946781494
2.145913324465145
2.146029753994499
2.142067864847766
2.146034385252972
2.1375473451930382
2.145432868040106
2.1329785442169342
2.1457297687167736
2.1464825164955994
2.146715959997693
2.1456110018166146
2.1436033773413663
2.114598089053678
2.09858179400964
2.1457536817105796
2.1456055828184297
2.145990251838247
2.1443146502282366
2.1122535708386305
2.144120316768932
2.146518312066327
2.1430565629383143
2.146407258904816
2.133209022088945
2.143783629491735
2.146272272048441
2.144868663749022
2.1457007013422986
2.1458766523848887
2.1465163204824296
2.1467070542409825
2.146749005661413
2.1456667092162784
2.1463302209314428
2.1470399364340644
2.1468695843505374
2.1449296887261307
2.146877570550836
2.146281923322685
2.147303291980932
2.1473326292501147
2.147278367129998
2.1472895851537763
2.14734260684522
2.1473239030411557
2.147317209124354
2.1473265551705336
2.1472456999058784
2.1472925010192685
2.147308126919221
2.147250189539324
2.147194096056602
2.1472404897229387
2.1472954500783334
2.1472839620269544
2.1473270524717676
2.1473559031527207
2.147255102009127
2.147326856409518
2.1472929316161675
2.147233154524044
2.1473266398277047
2.1473895952489688
2.1472632974256314
2.147296382218437
2.1472758610094633
2.147315905309325
2.1473062166330217
2.1473064929036316
2.147321444415681
2.1473127911485843
2.1473049465005163
2.1472625008762063
2.1473412097476388
2.1473094503887205
2.147377295747394
2.147261049341624
2.14737923908189
2.1473142604514615
2.147315071453919
2.147345708753725
2.147320869956509
2.1473113826416985
2.1472997837635828
2.147384022058051
2.1472644622979127
2.146479694116047
2.147031323515247
2.1453379652943774
2.1468378461821165
2.1467323362292
2.1464009132838693
2.1465423532375345
2.146866496468557
2.145496946099179
2.1465844023823673
2.146459048724634
2.146245784441414
2.146429297157267
2.1468330050170237
2.1459394588192544
2.147040888083673
2.147029571326791
2.1470749551941015
2.146801067477361
2.146717158116968
2.146037852290887
2.1453851561234805
2.1453406306026555
2.146591966998916
2.146758073468582
2.145447472879979
2.146113103856303
2.146191724095647
2.1463082528530966
2.1399501832265115
2.1464765523187936
2.1465049354937333
2.1462221633348957
2.1461494162523462
2.145930781663112
2.14513312901938
2.1467144165402896
2.1469059530481203
2.1451407100806605
2.1463326472248663
2.146917370054242
2.1463330441847672
2.1468748558956494
2.1462505330008583
2.1467134755363095
2.1461121718390506
2.146603976976073
1.738557465167435
1.5934689219244242
1.719575487652188
1.5989197224508933
1.6913953699581237
1.735029685736787
1.5373308948808515
1.6171919745867953
1.7627173684712631
1.7367704431896749
1.7354072956625013
1.6861595169803485
1.580726751550195
1.6506894208464353
1.7941322850762602
1.7153665343381668
1.7314507900354852
1.737264348168535
1.7861193185653321
1.666763721323143
1.693685710162967
1.6797972635665024
1.7836125722995528
1.7276379621964995
1.692320963286329
1.6871194116924555
1.7100806171790326
1.6903669766241929
1.6709004913616892
1.7069852507102554
1.768897803937813
1.6809139166736677
1.7860942163546252
1.7438942584217552
1.6949970088805264
1.7961861377801593
1.7201338452559234
1.6723754505412343
1.719143228650325
1.6550648716204044
1.7111854683829364
1.6467731075910952
1.738559638714829
1.6103353218737946
1.7789155196258344
1.7392214213748052
1.6784244505481882
