1.8220513136227727
1.7982210654671331
1.811335550808442
1.7887946450772623
1.7987989010709886
1.801314153978905
1.7925132746992576
1.8018133295140688
1.8022675289082684
1.7846828433125916
1.797906617984213
1.7927792399005784
1.798512611263559
1.7931802195917173
1.7996290768690086
1.7885468881021134
1.79257990766107
1.7871975703839869
1.7871794971135215
1.8025710429646944
1.7881004603858714
1.7945589846322796
1.7802446048596003
1.7885301276618788
1.786594353828494
1.7896764239693985
1.7801174224465575
1.7680490423570927
1.7817160888346428
1.7896842812214515
1.770392470229711
1.7966548723482434
1.7788300244927944
1.7893920855178482
1.783249097482179
1.802974020709463
1.779971446853669
1.7766206425413809
1.7866618712128077
1.7773484849144074
1.7834329504147213
1.7820376952618013
1.7813802904083313
1.7787742374547795
1.7728376088139894
1.768160086181442
1.7629315108571308
1.7897306036179623
1.789264429775789
1.779036700407104
1.7831435523822934
1.8025229369761275
1.7905212779599622
1.7882451147940073
1.7871162615396137
1.7793611222048331
1.7853026220380563
1.7917541587304011
1.7727997651231828
1.773400448536697
1.7790663021963233
1.780634623102123
1.7701774889863766
1.7970753741979004
1.802285732631281
1.772396993222856
1.790361141496189
1.7737635485641532
1.7736349749746492
1.786935834293009
1.8135144729967472
1.7724165455867562
1.7696368473263733
1.7710138235831918
1.7790857816114507
1.774309144303702
1.773653177078735
1.7809117232837488
1.7789140523402613
1.770208570890676
1.7674246660126138
1.7858805370898818
1.7678503512444428
1.7937106523439785
1.7747175302726872
1.8051527419860247
1.7734042256106972
1.774671607394345
1.7878677517434984
1.7712117559355143
1.759581656998322
1.774258141503466
1.8105178688193413
1.747551266244362
1.83616390191378
1.8170367643473986
1.8344801214296154
1.8323132308665377
1.8234641493092894
1.8306234628315696
1.8273922836609489
1.8311903332243973
1.8320826102124435
1.8305303590910178
1.834901108229442
1.8272944726610516
1.8320825985522033
1.8268658903481922
1.8302996351146081
1.8303077399193624
1.8209256955364357
1.8368152331047611
1.8289839964984198
1.832840840308747
1.829524788750487
1.8319872267584254
1.8316543276008206
1.8372030377452828
1.8383268124294785
1.8335901989208223
1.8296481817026498
1.8240525222341208
1.8315774783587861
1.8168996495029586
1.8387606219146888
1.8351912811224136
1.8295834807295541
1.837002719545207
1.8301884524236343
1.8522545891863766
1.8430623055050197
1.8429737773235175
1.8267560736947088
1.8398879463649707
1.846590191969447
1.8375119306389271
1.8387365611343207
1.839613097191286
1.840340842780075
1.8299526058361921
1.8390217353456926
1.8265625058353339
1.8253635562292112
1.8224544840174024
1.8463426412667368
1.8342724319751065
1.8220484443009926
1.8730303527559509
1.82460329008972
1.8311412085726955
1.8163632100135023
1.8303657498027706
1.8315384720978167
1.8264261608199872
1.827049026140367
1.8198495887719097
1.8297886601902607
1.8204694365346146
1.8173876202751835
1.830412649508719
1.8205055406018469
1.8252335137229831
1.8234802285768876
1.816184782843793
1.8241818724869134
1.8255811330328264
1.8265188578605613
1.8232961722586984
1.8231517878874286
1.8405121212290818
1.8264565738798768
1.8185041307382812
1.8248412275269592
1.8278363186645339
1.823169814235213
1.8374924176058924
1.8204746636508948
1.8199798279950419
1.8236895664195913
1.828802947570769
1.8219537568739679
1.8239965764758526
1.825272297322257
1.829389678238238
1.8245881167201214
1.8265103690185227
1.821838705862378
1.8225147342113812
