1.733647692051411
1.7459382838856687
1.758228877349522
1.7152117999440113
1.7188989780569872
1.744709225972043
1.7311895721001709
1.7594579401070969
1.7582288752434416
1.7361058107808098
1.7557707598901853
1.736105809794008
1.7520835818887357
1.7336477150851728
1.7336476917045445
1.7434801661256798
1.728731453599756
1.7164408586059896
1.7422511070734714
1.7324186336115601
1.7336476928521993
1.7348767639277267
1.7201280374640096
1.7262733360585845
1.7336476917888348
1.7311895724996775
1.7434801909958237
1.7324186322288337
1.7557707619862877
1.7287314545631605
1.7275023939572978
1.7619160567332826
1.7299605135716276
1.7447092243201083
1.7361058081262832
1.7533126405039003
1.72996051449589
1.7262733348171886
1.7275023933305487
1.7311895712862158
1.7250442743163297
1.7385639280766572
1.7275023947947006
1.7213570991542033
1.7373348680435399
1.7299605137186986
1.7275023931120588
1.7275023949447785
1.7459382819589637
1.7594579338794896
1.7619160530440772
1.7385639271804267
1.7557707562882034
1.759457934266946
1.7373348686196055
1.774206646351464
1.7852681803132193
1.7656032319158497
1.7533126369956435
1.7705194677546967
1.766832290694353
1.7582288751000004
1.7778938240248463
1.780351943625622
1.74593828143395
1.7729775860642363
1.7397929862477626
1.7631451125424236
1.7459382829475574
1.7361058086902874
1.744709223160456
1.7496254602316843
1.7545416962934994
1.7606869938075673
1.7569998153076483
1.7447092227328327
1.7594579344155157
1.7754357049074454
1.7606869937843923
1.765603230107486
1.7692904093122421
1.7582288750328
1.7471673415620799
1.749625459521167
1.7545416971815757
1.745938282101286
1.7594579336415301
1.7594579330649458
1.7557707558161049
1.7545416973027845
1.756999814768305
1.7606869943117234
1.7447092229055465
1.7545416965562417
1.7840391231830945
1.738563929164416
1.7963297222779147
1.7951006597177583
1.738563929278033
1.7410220479218879
1.7778938257066665
1.786497240286778
1.7938716067783138
1.7864972391922649
1.7963297179031474
1.743480166695265
1.7864972414928377
1.736105811101274
1.7840391227350283
1.7852681832676043
1.744709225054049
1.793871601449978
1.7889553593311753
1.7606869955458742
1.7815810035906172
1.7951006605790416
1.7951006601703647
1.7791228847389415
1.7385639303639535
1.796329720299691
1.7656032331388647
1.7287314544839283
1.7742066471728801
1.734876752363574
1.7951006589891596
1.7791228849637266
1.7606869960117602
1.7963297211364322
1.7877262997571728
1.8061623584278568
1.7938715990821916
1.7815810030669765
1.7914134799272212
1.792642545506926
1.7754357070727405
1.7938715997932002
1.788955362315452
1.796329724008104
1.7840391216904963
1.776664766313357
1.7889553600689425
1.763145107610697
1.7582288690262426
1.7496254526205497
1.8398876699269557
1.7864972493088578
1.7447092170620648
1.8730587179402154
1.7545416913815937
1.7803519450332022
1.7275023790877038
1.7791228829630061
1.775435710380435
1.7557707538345415
1.7668322863973123
1.738563914780009
1.7754357043985758
1.736105796446186
1.727502380191518
1.7742066489793133
1.7459382698703543
1.7656032235606274
1.745938274951379
1.7188989657061522
1.7533126307322213
1.7643741668159385
1.7582288701555666
1.7508545125286599
1.7557707469813133
1.7951006873133613
1.7631451080186071
1.7299604992597213
1.759457951656363
1.7656032292923491
1.742251096327038
1.7901844356667482
1.7422510956967636
1.7373348552110217
1.758228866234187
1.774206643393082
1.7373348590859425
1.7533126300872346
1.7582288818828715
1.7754357036214912
1.7569998077412845
1.7606869893977506
1.7471673308475237
1.7471673331830224
