1.5775748991623557
1.5775751807380123
1.580033066766238
1.577574388273908
1.5775759905946896
1.577574175690353
1.5775747434920426
1.6291816140347855
1.5824895450397827
1.5775752963584557
1.583718350281433
1.5775748459804835
1.5788039805200758
1.5775750034632647
1.577574378141758
1.5775742186371757
1.5775745093511768
1.577574261416252
1.5775745738491391
1.577576345031723
1.5775753337094804
1.5774320496001053
1.5775749914558839
1.5775748492705843
1.5775740159439657
1.5775744142193722
1.577574406791313
1.577574604935202
1.610750140523747
1.5775745362936349
1.577573951705862
1.6144374064836895
1.5775747840265522
1.5775740916818781
1.577573828300216
1.5788031207736946
1.5775744164762942
1.5775743127566946
1.5775749173476865
1.577573660302396
1.5775737302463775
1.5775742287243824
1.5775741836617965
1.5775736476329898
1.5775749968160657
1.5775737187337624
1.5775733659531852
1.5775744843207284
1.577573530814647
1.5775735483817888
1.577574285092782
1.5775741528628269
1.5775745427027392
1.5775743120879324
1.5775735608837795
1.577574666036141
1.5788032886743675
1.57757457362318
1.5775736778616807
1.5775737861824604
1.5775750081124342
1.577574281483197
1.5775731689870967
1.5837182182548082
1.5775743557168804
1.5775746968234945
1.577574715377671
1.577575279883558
1.5775736755378793
1.5775729884785774
1.577573296478496
1.577573666997984
1.5775734956704555
1.577573626607217
1.5775732569105323
1.577574358615778
1.5775740020218947
1.5775739984840493
1.5775736944718297
1.5775732454112041
1.577574399462794
1.5775740115280767
1.5775740236669662
1.5775737740535274
1.5775739919072402
1.577573837483279
1.577573521485712
1.5775727643203294
1.5775760925454365
1.577573980620753
1.577573402329377
1.577574408091888
1.5775733745129956
1.5775730514503434
1.6304110815512374
1.5775760143254818
1.7311682291772408
1.6893907684934508
1.5775757560792754
1.5775757826395305
1.5886339865537917
1.6082940508131973
1.7520565336834197
1.5824903317205286
1.6758747853340594
1.57757564118081
1.6304114622194763
1.5775767600799184
1.6132093199279485
1.6390122862693914
1.5775751524608208
1.6918477244020722
1.6242672769467716
1.577575458894518
1.598465232466656
1.6955343293220866
1.695534706294281
1.5837205688961018
1.577577016188771
1.7053644614523542
1.5775763981040054
1.5775752385112896
1.57880492913835
1.577576667442332
1.674646163252592
1.5837189615738212
1.5775759035093821
1.7213380374482772
1.6107517332192391
1.8147224745844148
1.6721886319387378
1.5910923121156166
1.6512998064655906
1.7409978688838623
1.5812619039179534
1.6832472462873846
1.6574430025960687
1.743455658834339
1.5935492833950955
1.5824909035076593
1.6328689836928179
1.7016751031983868
1.6844729691910225
1.6574410712062053
1.8724743666677997
1.7876869891125517
1.651297453167871
1.8730304319188256
1.6783295768800703
1.7520537707261492
1.577572826055712
1.7348513871409523
1.7520540479272302
1.6992179669712477
1.7016754790628428
1.6230363941545722
1.7360802720773933
1.631637363226167
1.5812599529558158
1.7422238688291936
1.631636817463788
1.685701626644808
1.6623556407558775
1.5775731487466427
1.6721854274032806
1.6820156234798451
1.7029043902806194
1.653754888854277
1.6623553915393743
1.8012033178320364
1.701675106058382
1.5996907465724097
1.6820157571065235
1.7053617756379575
1.6562125664670064
1.7975171701881576
1.6316375268915684
1.6230362231992455
1.6721857563574043
1.7237926892634494
1.6488396338847953
1.6709573652989915
1.6857021610490257
1.7262503361345842
1.6746428883637328
1.7016756702332834
1.6463822766438894
1.6525258164551402
