1.832763774630142
1.8209785051241643
1.8342891449098426
1.816591695036124
1.8212809161124166
1.823088345833724
1.8241425510439992
1.8399914001288882
1.8325551632008443
1.82825973869273
1.826689014950957
1.8297371863930223
1.8246803966917207
1.8270178784484106
1.8222980457076894
1.8282751976707963
1.8328552633997495
1.8344608786929728
1.8274420941765672
1.8261907011732879
1.818510696440537
1.8176005460063929
1.8233153499917933
1.826625707319489
1.8283854259240653
1.8239762380936795
1.8177786572740162
1.8202900685672112
1.8342824348654403
1.822854871837285
1.8273812786391666
1.82540768547072
1.8215909582594236
1.8317459945455026
1.8236835977131445
1.8316437119549713
1.826495187921057
1.8293181155362501
1.834783755603972
1.834216329688015
1.8246265100189134
1.8295765381618014
1.8462039818204121
1.8376249508823466
1.822021334029889
1.8362954144688015
1.8247953320631685
1.8716313073475142
1.872617911637915
1.8694983796443982
1.8706272896567024
1.872945182684134
1.8724228465305122
1.8721744318745348
1.872402079907068
1.8668199007337083
1.8710043646762813
1.8720457430620308
1.8662591891533926
1.8602806552754012
1.8662280351638605
1.8707312828550007
1.8691471294491064
1.8727698616768669
1.8729147123547913
1.8668881871516139
1.8724348747427486
1.8700464830708887
1.8646369294154703
1.8724074205440102
1.872463542731593
1.867477176763291
1.8698603383754606
1.8685288098893233
1.8716477274487868
1.8707585090810859
1.8708652538156885
1.8720039671201054
1.8715029026699197
1.8704976190980573
1.867058539840192
1.8726775141374694
1.870316257891621
1.8729185369243493
1.8676014928267117
1.8727080978976203
1.8711842496957751
1.871334400506635
1.8726135536753306
1.8712899721951666
1.8699044484419798
1.8704712093323683
1.8725851707394963
1.864501627730835
1.8461236127769736
1.852355536251054
1.8424436364272943
1.851399354773091
1.8443632730327755
1.8417225093636904
1.8437734567949267
1.8506771342509236
1.8430078421906242
1.8451207119375357
1.8465594583975478
1.8395464487665425
1.8444682545754472
1.8475374357938308
1.8401637924023453
1.8565187921878206
1.8531199388475235
1.8597533570695342
1.8488033390897598
1.8473003744535836
1.8403136047753168
1.8409381553169766
1.8405450850963283
1.8472072703025169
1.8495437107836452
1.8417547037891921
1.8400828190535365
1.8370815057011591
1.842327391183794
1.8270342695397477
1.8477754492099068
1.8455023235411503
1.8404189631880061
1.8456502211412864
1.8400790718855513
1.8556948213991584
1.8519209824027751
1.8549163501404873
1.837798343178686
1.8480011315430482
1.8562775478808065
1.846308126727717
1.8535190243155217
1.8475569718803855
1.850184519691872
1.8404854350769506
1.8485045980440282
1.8271678366179833
1.8258658999568982
1.8230717259089995
1.8609908903913563
1.834737506103489
1.8224659497017661
1.8730313318433798
1.8251226579017603
1.831942183639078
1.816868671172227
1.830851557978928
1.831942409189788
1.8269732285762186
1.8274175592804507
1.8202510482089522
1.8302110198003878
1.8208295215339911
1.8178262264229264
1.8308382696918608
1.821212147158496
1.825607769827947
1.8237872797327748
1.8167607951972087
1.8245993434975014
1.825870367925056
1.826892878033327
1.8237848575203852
1.8238146408908071
1.8408061837170984
1.827047873051029
1.819006560410466
1.8251602384553585
1.8285182936598576
1.8235121112292363
1.8378365111521364
1.8208530395059377
1.8203128270307525
1.8240302174953407
1.829097146914771
1.8222722677921321
1.824270816651454
1.8256638384960064
1.8297042337858864
1.824880943187615
1.826910111862591
1.8221898007824056
1.8229533854121198
