1.7876398984637154
1.81452594585596
1.8148399624479346
1.8207641150622387
1.8145127374501204
1.8134813860531962
1.8243051858450852
1.830834447781466
1.8226112098329044
1.8374942408443593
1.8208627260796895
1.8301692765389705
1.818141637841952
1.8264436876701584
1.8145009171039412
1.8327981232172283
1.833473802902718
1.8428775844129288
1.833170596367262
1.8154506010913267
1.8228645286479463
1.8150719608986219
1.8377540151569263
1.831149425855957
1.8355297543593718
1.827112040533775
1.8306171904492565
1.846343495548451
1.8460817218147814
1.8260748105398634
1.8521219766765675
1.8211658328031664
1.8363562082804126
1.8356992018273646
1.8338891321393385
1.8209370004382146
1.8402465553302914
1.8484904804921742
1.8429891255152908
1.8521063641444135
1.83525992437117
1.8417978121903347
1.861317299244867
1.855425863486202
1.8431335738724215
1.8638510597522746
1.8571470535838048
1.8920638939958871
1.90961300135695
1.89230618054355
1.8929955832858651
1.8987116772887729
1.8955984447736312
1.8957893725491435
1.9035276969576373
1.8867819833605748
1.8869164789224653
1.8865381453170604
1.8988309413833608
1.8851063202799698
1.8874362975479029
1.8986972675808171
1.9025089494205292
1.8861925268966644
1.911484836887906
1.89534970795846
1.9039597041185181
1.9056123418173627
1.8959571288016357
1.9087214643267534
2.043176493677988
1.9007847450566768
1.9134903476439094
1.9020478182535518
1.9082604425975975
1.9147578200835682
1.9098990940117757
1.9023214122890122
1.903029053212591
1.9112401167905462
1.903513699174918
1.9139884046496596
1.9180067799986924
1.9233034132311488
1.8974663163404006
1.9165781880333175
1.9146372967070584
1.9135427721530522
1.9300536847331768
1.9238267048103401
1.9286613091242193
1.9079863304333187
1.9421973723759984
1.9248241767522911
1.7961510122988629
1.8294253881837694
1.7912660308815136
1.810601936796486
1.8131994462921146
1.7933139410905143
1.8076083113239125
1.8113056370830163
1.8015050007347169
1.8055616037298183
1.802054684745787
1.8008555919752005
1.8027778949635767
1.8130894845895826
1.792038447925968
1.8184062565966026
1.8261798304637709
1.815193848041665
1.8115630331527897
1.8055366444889471
1.7985375685095386
1.7958615085569072
1.7948723149141275
1.791626034942514
1.7999481739510295
1.785530342012563
1.7919279904575682
1.8014734088356028
1.7973961551801856
1.7793118273987436
1.7925293865491643
1.7955672189309244
1.7946619269540682
1.795056610733336
1.7925110940215048
1.7845723106226232
1.7876304785178172
1.8029678710813404
1.8005182039246606
1.7906076350472075
1.798154804609398
1.7898414377466991
1.8063246063155465
1.789613632676896
1.7942935161453815
1.7959564279761757
1.7904385467392154
1.7792271394398587
1.7750961070197524
1.7770000682734173
1.8060615322120166
1.7802097085042032
1.7670965925409905
1.791670959977008
1.7751875265359687
1.7848906247918206
1.7673329749930353
1.7781279690402514
1.7755421951462456
1.7774875674067272
1.7687485199447774
1.7630251621575748
1.7749079170382847
1.7595549560047181
1.7636220517962675
1.7755252485623614
1.7782159635779904
1.7671809169245711
1.7568520274556854
1.770847336207617
1.7693088963338608
1.7572829738030018
1.7687163191265112
1.7726773392375264
1.7786969025131951
1.7777346599016204
1.7788454848814108
1.7690828275456678
1.7606788243096563
1.7816355457401631
1.7612060257681095
1.7777887352554593
1.7613443237735098
1.755296960445221
1.762006604861594
1.7629683036501502
1.7564261828063767
1.7514923868153887
1.768721479223357
1.7664071824446788
1.7566533843285126
1.770418809733591
1.7604064153405439
1.769077338501083
