1.511818412938004
1.5466486095458687
1.5385813378240063
1.5294721043937503
1.5160031219133239
1.5479338077865659
1.5426110619626803
1.602190531451286
1.5528368692552368
1.5497359199635041
1.559293350907566
1.5467462993773018
1.5502192451833845
1.5433799251842002
1.5428821494071778
1.5565679979284148
1.5437492485217308
1.5386578388666428
1.5562616891966576
1.529602414766733
1.5507966900012082
1.5469401784949397
1.532047520450417
1.547285660951632
1.5529941616262088
1.54888070824083
1.5627853926315478
1.564648986769082
1.601936816216861
1.5467131062031185
1.5632510993426048
1.5852543857892463
1.5537463958238633
1.5573711756988704
1.5556880080093805
1.5472231930025706
1.5585789512995178
1.547858469249226
1.5405777603988442
1.559610118719165
1.5438385589090744
1.5572173939526173
1.5561304531794875
1.5554214105713398
1.556531043157021
1.5719036434090348
1.5698676040366868
1.5432131439063337
1.563498733832887
1.5651230403711056
1.562314265503801
1.5513096981409225
1.553213314809174
1.5595562325164292
1.5623960896371787
1.5662822660188909
1.5710715027585302
1.5596323001529655
1.5617840814137371
1.5713662551518546
1.5618318946377416
1.564072571707634
1.5818994198399925
1.572115096040363
1.555569152446881
1.5692026825170575
1.5478998958543688
1.56739962477772
1.562729126338927
1.5658898046362058
1.567960628553448
1.5655341445512192
1.5710618703293593
1.5728272691738898
1.5702194152301985
1.5627197354006324
1.572556427837216
1.5732633954001383
1.5697830602607847
1.5784764168226035
1.577409925065427
1.571916048249363
1.5707470751173636
1.5729363548795583
1.5609220855633383
1.5636086951967623
1.5749212921369107
1.573236225035842
1.561466573839919
1.5757134478108825
1.5852601098746266
1.5698814204877647
1.5657911071812176
1.5871590710544303
1.569355431897398
1.52304322123618
1.6683474001051306
1.6394718085580238
1.5181754791680822
1.5068987930429991
1.5404820777060337
1.5579715798723133
1.6991266986719
1.5314610459707898
1.6204735606829543
1.5188369118378513
1.5737380696423626
1.5120177474741199
1.5499166174550416
1.5915983155216982
1.52530784827139
1.6371382924162865
1.5755362917800595
1.5183099115971643
1.5413064262435647
1.6403799323289925
1.6388226256468716
1.5155418522487993
1.5019913538074225
1.6391542009611455
1.51256602361589
1.5144319073554704
1.5194823796886718
1.5040664540072788
1.6082757952383355
1.5231606961898816
1.5152695663233404
1.660778510574911
1.5513254645334225
1.7427802664015888
1.599542867882553
1.5260598067199247
1.6014576473712692
1.6738686512742513
1.5155312873539313
1.6170956847143785
1.6005507302192075
1.6732706246815234
1.5290603159176932
1.526466023393283
1.5628370837535634
1.64543303898423
1.624762886804562
1.6001369718060412
1.8152044929707627
1.7256464997269316
1.584252540650503
1.791670093388644
1.6174043054981748
1.6945764709777096
1.5134065378131594
1.6737037766454033
1.684365869286606
1.6386353092855435
1.633892823131835
1.5539911199559144
1.6692554262810846
1.5581380500736657
1.51145370827867
1.6777742443813857
1.5782691502795443
1.618339440311121
1.5871151682094822
1.5172903082640568
1.6078344483207236
1.6063108911057857
1.6350163652655147
1.5922538742829144
1.6078767754696595
1.7337079976985716
1.6445330262570368
1.5352074624314531
1.6071458422227167
1.6498881247406418
1.583847269508513
1.7309767377649503
1.560190394995681
1.5480085674835984
1.6011965626065385
1.649587159360292
1.5745370544007666
1.5876035216039985
1.6190432342050876
1.655311863517551
1.5994948760537544
1.6374137832730857
1.5742130190716683
1.5866043858039425
