1.6887044515064287
1.7403739183679694
1.7396959255700308
1.7225573468032773
1.7155052053373085
1.7355094527097759
1.7322732656821394
1.7502745290253496
1.748822779043535
1.7451905765908509
1.750586120505089
1.7371624571229867
1.7461192257164164
1.7334495419877436
1.7259135552451355
1.7479537372621157
1.7293292794195207
1.7268760135123724
1.748204468884567
1.7218697491757444
1.7376495661742766
1.7330723657316303
1.736583591598986
1.7306394862722574
1.7403386029117622
1.734866350871419
1.7564684744930688
1.758617493822896
1.766828188180607
1.7324283271776317
1.7529452641118006
1.7569620406777513
1.7444633412946022
1.7482567897553858
1.7467676725669796
1.7425831662877522
1.7433912151546993
1.7461344551506768
1.7355855765437498
1.7489119551732826
1.7368413173405721
1.7512232824947176
1.742591618190424
1.73784511712111
1.7589113605650584
1.7570998345562683
1.759466259540438
1.7487335392940966
1.7824921794804232
1.7818585052789255
1.78375189456442
1.7632929845901495
1.7773971947795033
1.7826160231695898
1.7678448903930875
1.7932412525671013
1.8003496953798037
1.7791965971556636
1.786233790606622
1.7945345942417554
1.7873616505995444
1.7859480721731549
1.8102358026072054
1.7921599991218342
1.7833694085844767
1.800889885258159
1.7705954711987095
1.7970365656721532
1.7767590423986608
1.7725940627874501
1.7887115206758362
1.7832975211540638
1.7970914501109763
1.7933982650805154
1.793122763630105
1.7885329684225935
1.7970743278821537
1.8046860913107667
1.7917239550394033
1.8051627614593275
1.8035888841771865
1.7982673749476088
1.7944960046633647
1.7987615487309996
1.783363404304816
1.7854822041432488
1.8018641833758662
1.800479532520564
1.8116822043998773
1.8057313018078909
1.8146533040664792
1.7963504611202008
1.8034488070446537
1.8133297198706742
1.7358996551944277
1.718575716273635
1.7461721613511203
1.7558288758203355
1.710703665975629
1.6962272698744567
1.743676071267079
1.749449952473639
1.7536079078994475
1.74902202539282
1.7529250723954561
1.707786559756857
1.7464289672058877
1.7049435039222112
1.7375641913105633
1.7491818261452239
1.720063852022715
1.7504350283281078
1.753338319421588
1.721331600185829
1.741948409326002
1.7515367991944004
1.7508936904763275
1.726032112355576
1.6923257520532673
1.7413930803448876
1.7197686615472427
1.6970728994762048
1.7317636481470549
1.6907299166216674
1.7412078942260714
1.7312152953494715
1.7178732542167867
1.7472085707031633
1.742317017262714
1.7360825965208986
1.7318461253658004
1.7319333887177362
1.7556448181481166
1.737013670628138
1.7202727940124356
1.7393564262464494
1.7434125545976062
1.7394269315430095
1.7308713640459288
1.7341189410166225
1.7330668921547583
1.7161049591457072
1.708796822802005
1.7054115465561384
1.7859585321915934
1.7332214180127818
1.6910433999913763
1.7916699125598703
1.7057807034330335
1.7344774783217791
1.6801581336329097
1.7279181493332836
1.7199797363522067
1.7072733122024537
1.7092494672000145
1.683534585755527
1.7207222534906779
1.6762649960571119
1.6755671260808886
1.7200616218017477
1.7043253110321257
1.7087178580670144
1.680717660297755
1.6757555651910616
1.6998586678916834
1.6975756952781753
1.7018000508828321
1.7014205547187804
1.7123847907019585
1.7335553444777223
1.715826449937566
1.6820165335444932
1.6962599292741818
1.72025392199536
1.6823776574185374
1.7317814180844218
1.6846333549943682
1.6744386025181963
1.6983715515134064
1.7096873385194822
1.6738426448303003
1.68201338570381
1.703011393540517
1.7139503852580888
1.6904367086196228
1.7063067496578994
1.6870247558006364
1.694473345067968
