1.7769855060051811
1.7909781147747634
1.7910562525917926
1.7908833759402194
1.790668544556594
1.790921011384483
1.791090052754895
1.7913860643110857
1.7912154047317017
1.791294849127179
1.79113502357135
1.7912474267698621
1.791052867363943
1.7911719786393805
1.7908784279675916
1.791271783169333
1.7913017630935615
1.79134995329606
1.7912677227689424
1.790894057685015
1.791131563608425
1.7910100086990086
1.791214133769271
1.7912237949297884
1.791280739818295
1.7911435706484007
1.7912105142559056
1.7912870979869342
1.7914125760928492
1.7911141999705538
1.791354062785533
1.7911660348884508
1.7912253567356378
1.791326868501494
1.7912195532443989
1.7911693116840168
1.7913005607251016
1.7913415242821487
1.7913627823113865
1.791397706359579
1.7912205603488072
1.7913293971633029
1.7914760375043932
1.7914188911961477
1.7912788316957107
1.7914405587004085
1.7913546203661337
1.7916091810061878
1.7916358589062487
1.7916050288962093
1.791615966266227
1.7916355483934796
1.7916212809645768
1.7916257579748098
1.7916335284107698
1.7915894085732242
1.7916248945710826
1.7916240545456685
1.7915816790557226
1.7915498618182468
1.7915808950859953
1.7916131943384126
1.7916164166580626
1.791639203846895
1.7916405792875758
1.79159749020852
1.7916182327051653
1.7916178675503536
1.7915728191097497
1.7916344246155473
1.791670015506458
1.7915950485723526
1.7916209947236883
1.7916095873028641
1.7916308015457225
1.7916177727216598
1.791626837634002
1.7916350269982555
1.791624824950979
1.7916260511384237
1.7916064112363892
1.791636681734559
1.7916128767406978
1.7916506048578975
1.7915936565173596
1.7916529632437823
1.7916292988616858
1.7916285921165558
1.7916207088249017
1.7916297822779321
1.791627674678715
1.791622430128931
1.7916608587236234
1.7915942210238123
1.786256329897241
1.7914372552550106
1.7833760830038758
1.7913224503167802
1.7911255549424496
1.7822848629822605
1.7909075833379158
1.7912719140706932
1.7905454617511496
1.7907158856132404
1.7904036931528526
1.7885575732648473
1.7902423117771666
1.7911904523770383
1.782222052671136
1.7914557610588857
1.7914300535972665
1.7914762774185333
1.7912534477554254
1.7907007177917336
1.7877824521808108
1.7869708880320396
1.7860678145473199
1.7817550509041504
1.7886636411305334
1.7774873636307165
1.7815658882170735
1.7883450476219669
1.78667426705351
1.7693153923039668
1.7835875037780538
1.7852880270095128
1.7838890243372514
1.7864967460215155
1.7827154027671597
1.7811924907268506
1.7789307198353883
1.7907362217439695
1.78941084487552
1.7826155771246506
1.7885377076348032
1.7811696362282334
1.7911681236910628
1.781752242702391
1.78455014812821
1.7855111309323102
1.7810444123954814
1.7786201177518386
1.774593483505399
1.7763798099021735
1.7916491416152271
1.7797477847454213
1.7666788028674252
1.7916700037476212
1.774667821634344
1.7840863275628625
1.7668182948874964
1.7776440009596775
1.7751387957198315
1.7769366026234488
1.7683806622585991
1.7626229906333264
1.7744846342604932
1.7591947647550745
1.7631780162829407
1.77510091920193
1.777501956015752
1.7668070725723792
1.75654706772215
1.7702625228054838
1.7688906514135578
1.7569967265562627
1.7683453113173564
1.7721853579294728
1.7780277692764304
1.777443315429878
1.7782524890513458
1.7685743888782832
1.7603616156234094
1.7809516377548245
1.7608661632652398
1.7774490877248577
1.7609647667824373
1.7549643999284072
1.761668067007155
1.7626757693369997
1.7561099917082486
1.751220363807105
1.7683317400752758
1.7660959181483527
1.756363751269037
1.7700222010215454
1.7600566980963683
1.7686370454611808
