1.6193767697586983
1.2562312148228025
1.2561831607911027
1.6698186663372958
1.3362206857391459
1.3361718463925973
1.6508846785246087
1.3642929829270118
1.3642442208261358
1.710847943687213
1.0000177437115947
1.000000002279617
1.73952356558949
1.0827127857734764
1.0826639930769018
1.669553379937139
1.3461777135017323
1.3461287818550187
1.6974437682367443
1.2049936139816844
1.2049445964393348
1.652000717357971
1.445783227980812
1.4457342011198986
1.6742127269296683
1.375188293928593
1.3751394047843963
1.6990577149365484
1.2783558855298247
1.278337982758268
1.664714295649392
1.393433174296526
1.3933841744895545
1.7035276389351606
1.269281631249291
1.2692325051812003
1.666509695001836
1.3653861562698348
1.365337194300575
1.6988962486834427
1.2459395666004947
1.245890514532679
1.6801257011192152
1.281688855504878
1.2816398784462657
1.6867787495245234
1.3236312966387633
1.323582033001508
1.681936388656342
1.215889208539927
1.2158401852610476
1.7262828038572524
1.0903852005525654
1.0903360383110166
1.6761793044917235
1.3166020135261884
1.3165527882896233
1.6757999076446661
1.2632026824800842
1.263153810689839
1.6942632479152824
1.3190876019015616
1.3190383508701924
1.6875437205497046
1.304939519466841
1.3048904662347465
1.725073930048756
1.0207166214351857
1.020667320820247
1.6890059097223977
1.2445558027709567
1.2445066448506057
1.6957268908919758
1.2761645118751315
1.2761150868725077
1.695946636342556
1.2350079411935788
1.2349588090229393
1.6994298270813413
1.3239447431236986
1.3238953911120113
1.730084914149234
1.252660355004509
1.2526107128496582
1.6738349621971305
1.449028212832138
1.4489787129974847
1.6888430574337536
1.2380337579750755
1.237984511164356
1.7291776368920417
1.1929841633719767
1.192934592692363
1.6587158855655921
1.4350317721896473
1.4349823693291
1.6996031149557722
1.2412490059589822
1.2411995356768575
1.67514761587305
1.3495836050363086
1.3495342647950013
1.7000866878044305
1.2371616181794836
1.237112286645551
1.6579893395568752
1.3605770440056344
1.3605592699829108
1.6947651005870359
1.273512912920933
1.2734634775148235
1.7223947864238915
1.1350483992036733
1.1349987409423237
1.7022090416290485
1.174033053812006
1.1739837540609306
1.7279272553561964
1.2243025644834784
1.2242529831940188
1.719463570769478
1.1441322462567287
1.1440829221407431
1.7084373177163816
1.2571719932028058
1.2571225605233611
1.722301928076943
1.229336636611854
1.2292872275519446
1.7146452159340988
1.1843894554071475
1.1843398059211432
1.7311875676282575
1.2424709826094957
1.2424214614335265
1.714958218971809
1.2488667501807942
1.2488171311164638
1.7317692381245888
1.1831777424435472
1.1831279655136815
1.7222526426519849
1.0389808205437752
1.0389314457275347
1.7396354604696236
1.0895595755679188
1.0895096930168193
1.7226254602950233
1.218062132843539
1.218012536457108
1.7304453371207806
1.2638210613764636
1.26377145143028
1.73270190120152
1.0986453214094178
1.0985957972716642
1.716153758264829
1.1908087226941948
1.1907590814764548
1.7240821069328527
1.232550028349538
1.232500347066139
1.7341822326666023
1.1016550046887585
1.1016053208695888
1.7017960520392394
1.3551553209138636
1.3551056150397272
1.6904769906801753
1.4174842981183395
1.4174346800072393
1.6964335994480426
1.3227850175208733
1.3227354472187591
1.7391988223721646
1.1379260251999153
1.1378761836312354
1.7172438083877515
1.3102291627808846
1.3101794279551444
1.7020378027256815
1.3095430880996828
1.3094934648223373
1.719848898073705
1.2374223127656638
1.2373725891178715
1.715086516146296
1.3590765978201982
1.359026546112597
1.681194215683485
1.413110975116201
1.4130613447522482
1.7549487581527297
1.0824097775200887
1.082359920285628
1.6991421275050222
1.3136857718284873
1.3136359071038997
1.7217076062256313
1.0815117426732441
1.0814619539722552
1.7137666163947398
1.2846363503733378
1.2845863812173495
1.7266764063941251
1.1537710864237432
1.1537211988548923
1.7613079878910785
1.0506086469530265
1.0505588312043213
1.7489250785054467
1.1046319114173662
1.1045817770704174
1.7254737573161782
1.148290128967986
1.1482403548999272
1.7373348158150201
1.1635022443745255
1.1634520555347958
1.7161350486957796
1.2531989375689037
1.253149014710723
1.7318634901099588
1.1861683698237937
1.1861183121910612
1.7421774927487446
1.1082739610845493
1.1082239829443263
1.7293870571815684
1.238835336993109
1.238785285139367
1.7173655272458768
1.328644593333651
1.3285946012103693
1.7384551525648826
1.2533964740310948
1.253346524242023
1.7401140447006034
1.2397750777375753
1.2397250276949505
1.7137484914274077
1.350451959295166
1.3504017702666826
1.75999970707235
1.2294106724242864
1.2293605319880332
1.758153053380291
1.1297341274289259
1.129684055814061
1.7806595501125893
1.1410645983980576
1.1410144467214143
1.716514415015503
1.1917205798470176
1.191670670091585
1.7396180498084504
1.1140740505615416
1.114024041929674
1.74865093456554
1.1997791564660758
1.1997290732822938
1.7499199953450664
1.1561387371441736
1.156088489683652
1.7692379779502023
1.1806387538267598
1.180588323264521
1.7492531387925805
1.1968364336661328
1.1967860479862953
1.7670207857922593
1.1807290848647636
1.1806787150052125
1.7247601553769032
1.2726616191271927
1.2726114818936038
1.7608146847392054
1.1133096319161107
1.1132591063316293
1.7535718814229522
1.1724286882213284
1.1723781658887593
1.6174410707997886
1.42525113194943
1.4252032349792911
1.6808277985505036
1.2050983907735424
1.2050501526429183
1.5997045932146936
1.5535130726912898
1.553465098187748
1.6136498897082086
1.521696265525028
1.5216483329669193
1.6651712506943221
1.217562043836342
1.2175139269511357
1.6426111758994486
1.2106837127527024
1.2106359472909336
1.6348700193473125
1.384058189012225
1.3840100537807936
1.6419316201029537
1.4119056153786178
1.4118577133093022
1.6048099454516367
1.5847407567483758
1.584692557394687
1.63182263210852
1.3757921916214413
1.3757441788942901
1.6092888380695187
1.504730775848073
1.5046827805727747
1.6461757732144653
1.2543942757689555
1.2543769024688496
1.6215558591252925
1.4328628057222024
1.4328146188719015
1.6760205165585669
1.2173051063393299
1.2172570776116822
1.6182701207032126
1.4029574892103702
1.4029094595745468
1.6220977216291907
1.4632340233132533
1.4631860403595198
1.6687090521485213
1.2297455380876539
1.2296972196754878
1.608389278311826
1.5187356084161059
1.518687500430521
1.6266937293627208
1.4314994271674406
1.4314513199632781
1.6405218346188035
1.2990677742715977
1.2990197519735394
1.6238864469182024
1.3979297582273762
1.3978817859502644
1.6078520289847853
1.5229773082162794
1.522929340095963
1.6090300784781941
1.5160355541529815
1.5159876483012389
1.6181157956927545
1.3626876997843822
1.3626400607875877
1.6418052255344027
1.2469040929212096
1.2468562898781608
1.5969388894036645
1.5237626240341402
1.5237148876144995
1.632235899097801
1.3278652561068582
1.3278173421008723
1.6675464578989228
1.1102021027062055
1.1101542353492164
1.6264967920416866
1.356101267742621
1.3560533208327572
1.6384540063476825
1.2202274993565605
1.220179795941915
1.600749752649074
1.4909678258168504
1.4909199341601054
1.6227944644410697
1.3641162074063657
1.364068279563918
1.634659181503673
1.2962144323960467
1.2961666106436303
1.5997702263693732
1.541530096739734
1.5414822757156055
1.6168860466221775
1.4052448074244117
1.4051969421856991
1.722173377284477
1.7222199831412923
1.7221723154746822
1.595651277454999
1.4753253317266362
1.4752778529134771
1.6238948755467295
1.3745239457021685
1.3744760903554338
1.6239133758383195
1.4738767700905246
1.473828527058584
1.593052889431085
1.555038521526299
1.5549907913263996
1.6113201860819284
1.3534329578866269
1.353385414761164
1.6040807846071272
1.5005774781480272
1.5005297210817443
1.6141027652951383
1.472968543070424
1.4729511262682817
1.5912280827097756
1.560306930410956
1.5602590261819158
1.6171762980710784
1.382810169169399
1.382762495770155
1.6255924307730985
1.3643550415247518
1.364307160151033
1.6058540443138236
1.4229744646228133
1.42292661920183
1.6042841046944203
1.5334100693588328
1.5333622544127843
1.6035138981325137
1.5101837582230637
1.5101359895114126
1.612781995703446
1.4654044337834868
1.4653566792999555
1.7859105915827873
1.7859572887382826
1.7859095305541837
1.621681261780698
1.6217278877018928
1.6216801923652064
1.6033098887349941
1.4457301284210409
1.4456824785007125
1.7916706924386419
1.7917170840090926
1.7916696404491192
1.6061270364407314
1.498626473942689
1.498578755481743
1.5995490907684589
1.5957741516756139
1.5957261743742066
1.6313489878245062
1.313648392765073
1.3136006134733667
1.5967333208076624
1.5789102218001945
1.5788625314459301
1.590803707594141
1.5883945823632686
1.588346796959348
1.6027272038032465
1.527446446939845
1.5273985534795327
1.595062836927865
1.5268425636075587
1.5267948589184537
1.610185594347367
1.3980323953692393
1.3979848916515314
1.5941377729201613
1.5677431259346657
1.567695314589846
1.602202277977821
1.4037632374026123
1.4037156585849413
1.621947134496649
1.3340694177519359
1.3340521317620728
1.5928827552665497
1.575824589946297
1.575776822839685
1.6239171955319565
1.4278163747683779
1.4277684779871727
1.5964946267005025
1.4993790177926567
1.4993313747494317
1.592938780312135
1.4583990453608233
1.4583516138231938
1.6496725741383067
1.3126024290422873
1.3125547053907791
1.603240414458909
1.4839103470542054
1.4838626659766325
1.583745416335602
1.495030897222892
1.494983429735526
1.5955869452860698
1.5202434129029823
1.5201959236619118
1.607570388742304
1.4746120060262875
1.4745642550416085
1.6136464287575762
1.4808287750894675
1.4807809099917923
1.6695254920347629
1.6695720663158502
1.6695244273405705
1.6038595561907907
1.531777952846783
1.5317606398056731
1.6214988390555438
1.3706555929986541
1.3706078754352136
1.5913742372230986
1.4866812261925
1.4866337204367241
1.6027141824962656
1.553830019841398
1.5537821643107441
1.599922652112685
1.4594305803268899
1.45938316357872
1.6461988851993372
1.6462453413743896
1.6461978216350643
1.6092047824216362
1.4060532025271006
1.4060056311008782
1.604395132859377
1.389411490987162
1.3893640823291709
1.5966031534424243
1.4709958380159114
1.4709484269056654
1.5844527416220098
1.543120369870315
1.5430727916499996
1.5985733587827717
1.4320102674969881
1.431962924832515
1.5859563562625982
1.4626040836864747
1.4625567280362037
1.5966909467735715
1.502028371734095
1.5019807942207546
1.5870846764605104
1.5555924022623069
1.5555449926960891
1.5900591362377503
1.4785424119779476
1.4784950773303733
1.5973335322607383
1.5217135053232738
1.5216660594892264
1.5996011857276888
1.4340534675432188
1.4340060057718813
1.6034805637993732
1.454088499569264
1.454040737050815
